250000
249999
249998
249997
249497
248997
248996
248496
248495
247995
247495
246995
246495
245995
245495
244995
244994
244993
244493
243993
243992
243492
242992
242991
242491
241991
241990
241989
241988
241488
241487
241486
240986
240486
240485
240484
240483
240482
239982
239482
238982
238482
238481
238480
238479
237979
237479
237478
236978
236478
236477
235977
235976
235975
235974
235973
235473
235472
235471
234971
234471
234470
234469
234468
234467
234466
234465
234464
234463
234462
234461
234460
233960
233460
233459
233458
233457
233456
233455
233454
233453
233452
232952
232452
231952
231452
230952
230452
229952
229951
229451
228951
228451
227951
227950
227949
227948
227448
226948
226947
226447
226446
225946
225945
225944
225943
225942
225442
224942
224442
224441
224440
223940
223939
223439
223438
223437
223436
222936
222436
222435
222434
222433
222432
221932
221931
221431
220931
220431
219931
219930
219430
218930
218929
218429
217929
217429
216929
216429
215929
215928
215428
214928
214428
214427
213927
213427
212927
212427
211927
211427
210927
210427
209927
209926
209426
209425
209424
209423
208923
208423
208422
207922
207422
206922
206422
205922
205422
204922
204422
203922
203422
202922
202422
202421
201921
201920
201919
201918
201917
201417
200917
200417
199917
199916
199915
199415
198915
198415
197915
197415
196915
196415
196414
196413
195913
195413
194913
194413
193913
193413
192913
192413
191913
191912
191412
191411
191410
190910
190410
190409
189909
189908
189408
189407
188907
188906
188905
188904
188903
188403
187903
187403
186903
186902
186402
186401
185901
185401
184901
184401
184400
183900
183400
182900
182400
182399
181899
181399
180899
180399
179899
179399
179398
178898
178398
178397
177897
177896
177396
177395
176895
176395
175895
175395
174895
174894
174893
174892
174392
173892
173891
173890
173889
173888
173887
173387
173386
173385
173384
173383
172883
172882
172382
171882
171382
171381
170881
170381
170380
169880
169380
169379
168879
168878
168877
168876
168875
168874
168873
168872
168871
168870
168869
168369
168368
167868
167867
167367
167366
167365
166865
166864
166863
166363
165863
165363
165362
165361
164861
164361
163861
163361
162861
162361
161861
161361
161360
161359
160859
160359
159859
159858
159358
159357
158857
158856
158855
158854
158853
158852
158352
158351
158350
158349
157849
157848
157847
157846
157845
157844
157344
157343
156843
156842
156342
155842
155841
155840
155340
154840
154340
153840
153839
153838
153338
152838
152338
152337
152336
151836
151336
150836
150336
149836
149336
149335
149334
148834
148833
148832
148831
148331
148330
148329
148328
147828
147827
147826
147825
147325
146825
146824
146324
146323
146322
146321
146320
146319
145819
145818
145817
145816
145815
145315
144815
144315
143815
143315
142815
142315
141815
141315
141314
141313
141312
141311
140811
140311
140310
139810
139809
139309
138809
138808
138807
138307
137807
137806
137805
137804
137803
137802
137302
136802
136801
136301
136300
136299
135799
135299
134799
134299
134298
134297
133797
133297
133296
133295
133294
132794
132294
132293
131793
131293
130793
130293
129793
129293
128793
128792
128791
128291
128290
128289
127789
127788
127787
127287
127286
127285
127284
126784
126284
125784
125284
124784
124783
124782
124282
124281
123781
123281
122781
122281
121781
121281
120781
120281
119781
119281
119280
118780
118280
117780
117779
117279
116779
116279
115779
115778
115777
115277
114777
114277
114276
113776
113276
112776
112276
111776
111276
111275
110775
110275
110274
109774
109274
109273
108773
108273
107773
107273
106773
106273
105773
105273
104773
104273
103773
103273
102773
102273
101773
101273
100773
100273
100272
99772
99272
98772
98771
98271
97771
97271
96771
96271
95771
95271
95270
95269
94769
94768
94268
93768
93767
93766
93765
93764
93763
93762
93761
93760
93759
93259
93258
93257
93256
92756
92256
91756
91256
91255
90755
90754
90753
90253
90252
90251
90250
89750
89749
89748
89747
89746
89745
89245
88745
88744
88743
88742
88741
88740
88739
88738
88737
88736
88735
88235
88234
87734
87234
87233
87232
87231
86731
86730
86729
86229
86228
86227
86226
85726
85226
84726
84725
84225
83725
83225
83224
82724
82723
82223
82222
82221
82220
82219
82218
81718
81218
80718
80218
80217
79717
79716
79715
79714
79713
79712
79212
79211
79210
78710
78709
78209
77709
77209
76709
76209
76208
76207
75707
75207
75206
75205
75204
74704
74703
74702
74701
74201
74200
73700
73699
73698
73697
73696
73196
73195
72695
72195
71695
71195
70695
70694
70693
70193
70192
70191
70190
70189
70188
70187
69687
69187
69186
69185
69184
69183
69182
68682
68182
67682
67182
67181
67180
67179
66679
66179
66178
66177
66176
66175
65675
65175
65174
64674
64174
63674
63174
63173
62673
62173
62172
62171
62170
61670
61170
60670
60669
60169
59669
59169
58669
58668
58667
58666
58166
58165
57665
57165
57166
56666
56166
55666
55166
54666
54166
53666
53166
52666
52166
51666
51665
51165
50665
50165
49665
49165
48665
48664
48663
48662
48661
48161
47661
47161
46661
46161
46160
46159
46158
45658
45158
44658
44657
44157
43657
43157
42657
42157
41657
41157
40657
40656
40156
39656
39156
39157
38657
38157
38156
38155
38154
37654
37653
37153
37152
36652
36152
36151
36150
35650
35150
34650
34649
34149
34148
33648
33148
33147
32647
32147
32146
31646
31645
31644
31643
31642
31641
31640
31639
31638
31637
31137
30637
30636
30136
30135
30134
29634
29633
29632
29631
29630
29629
29129
29128
29127
29126
28626
28126
27626
27625
27125
26625
26624
26124
26123
25623
25123
24623
24123
23623
23123
23122
22622
22621
22620
22619
22119
21619
21119
21118
20618
20118
20117
20116
20115
20114
20113
20112
20111
20110
20109
20108
20107
20106
20105
20104
19604
19104
18604
18104
17604
17104
17103
17102
16602
16102
15602
15102
14602
14102
13602
13102
12602
12102
12101
11601
11600
11100
10600
10599
10598
10597
10097
10096
10095
10094
10093
10092
10091
10090
10089
10088
10087
10086
10085
10084
10083
10082
10081
10080
10079
10078
10077
9577
9576
9076
8576
8575
8075
8074
8073
8072
8071
8070
8069
8068
8067
8066
8065
8064
8063
7563
7562
7561
7560
7559
7558
7557
7556
7555
7055
7054
7053
7052
6552
6551
6550
6549
6049
5549
5049
5048
4548
4547
4047
4046
3546
3046
3045
3044
3043
3042
2542
2541
2540
2539
2538
2537
2536
2036
2035
2034
2033
2032
2031
2030
2029
2028
1528
1527
1526
1525
1524
1523
1522
1521
1520
1519
1518
1517
1516
1515
1514
1513
1512
1511
1510
1509
1508
1507
1506
1505
1504
1503
1502
1002
502
2
