2349
2350
2351
2464
2463
2462
2575
2688
2801
2802
2915
3028
3029
3030
3031
2918
2805
2806
2807
2808
2809
2810
2697
2584
2471
2358
2245
2132
2019
1906
1793
1680
1679
1678
1677
1676
1675
1674
1673
1672
1671
1784
1783
1896
2009
2122
2121
2234
2233
2232
2345
2458
2571
2684
2797
2798
2911
2912
3025
3026
3139
3252
3253
3366
3367
3368
3369
3370
3371
3258
3145
3146
3033
3034
3035
3036
3037
3038
2925
2926
2813
2700
2587
2474
2361
2248
2135
2022
1909
1796
1683
1570
1457
1456
1455
1454
1453
1452
1451
1450
1449
1336
1335
1334
1333
1332
1331
1330
1443
1442
1555
1668
1781
1894
2007
2006
2005
2118
2117
2230
2229
2342
2455
2568
2681
2794
2907
3020
3021
3022
3135
3136
3249
3250
3363
3476
3477
3590
3703
3704
3705
3706
3707
3708
3709
3596
3597
3484
3485
3372
3373
3374
3261
3262
3263
3264
3265
3266
3267
3154
3041
3042
2929
2816
2703
2590
2477
2364
2251
2138
2025
1912
1799
1686
1573
1460
1347
1346
1233
1232
1119
1118
1117
1116
1115
1114
1113
1112
1111
998
997
996
995
994
993
992
991
990
1103
1102
1215
1214
1327
1440
1553
1552
1665
1778
1891
1890
2003
2002
2115
2114
2227
2226
2339
2452
2565
2678
2791
2904
3017
3130
3131
3244
3245
3246
3359
3360
3473
3474
3587
3700
3701
3814
3927
3928
4041
4042
4155
4156
4157
4158
4159
4160
4161
4162
4275
4388
4501
4614
4613
4612
4611
4610
4609
4608
4495
4382
4269
4268
4267
4154
4153
4040
4039
3926
3813
3812
3699
3586
3585
3472
3471
3470
3469
3468
3467
3466
3465
3352
3239
3238
3125
3012
2899
2898
2897
2896
2895
2894
2893
2892
2891
2778
2777
2776
2663
2550
2549
2548
2547
2546
2545
2544
2543
2542
2541
2428
2427
2426
2425
2424
2423
2310
2309
2308
2307
2306
2193
2080
1967
1966
1965
1964
1851
1850
1849
1848
1847
1734
1621
1508
1395
1394
1393
1392
1391
1390
1389
1388
1387
1386
1385
1384
1383
1382
1381
1380
1379
1378
1491
1490
1603
1716
1829
1942
1941
2054
2167
2280
2393
2506
2619
2732
2845
2958
3071
3070
3183
3296
3409
3522
3635
3748
3747
3746
3859
3858
3971
4084
4083
4082
4081
4080
4079
4078
4077
4076
4189
4302
4301
4300
4413
4526
4525
4524
4523
4522
