4521
4520
4522
4408
4519
4633
4523
4409
4295
4518
4632
4406
4524
4410
4296
4182
4517
4631
4405
4293
4525
4411
4297
4183
4069
4516
4630
4292
4180
4526
4412
4298
4184
4070
3956
4515
4629
4179
4527
4413
4299
4185
4071
3957
3843
4628
4528
4414
4300
4186
4072
3958
3844
3730
4529
4415
4301
4187
4073
3959
3845
3731
3617
4530
4302
4188
4074
3960
3846
3732
3618
3504
4531
4417
4303
4189
4075
3961
3847
3733
3619
3505
3391
4532
4418
4304
4190
4076
3962
3848
3734
3620
3506
3392
3278
4533
4419
4305
4191
4077
3963
3849
3735
3621
3507
3393
3279
3165
4534
4420
4192
4078
3964
3850
3736
3508
3394
3280
3166
3052
4421
4079
3965
3851
3737
3623
3395
3281
3167
3053
2939
4080
3966
3852
3738
3624
3622
3510
3396
3282
3054
2940
2826
4081
4193
3967
3853
3739
3625
3511
3509
3397
3283
3169
3055
2941
2827
2713
4082
4194
3968
4306
3854
3740
3626
3512
3398
3284
3170
2942
2828
2714
2600
4083
4195
3969
4307
3855
3741
3627
3513
3399
3285
3171
2829
2715
2601
2487
4084
4196
3970
4308
3856
3742
3628
3514
3400
3286
3172
2830
2716
2602
2488
2374
4085
4197
3971
4309
3857
3743
3629
3515
3401
3287
3173
3059
2831
2717
2603
2489
2375
2261
4086
4198
3972
4310
3858
4422
3744
3630
3516
3402
3288
3174
3060
3058
2946
2832
2718
2604
2490
2376
2262
2148
4087
4199
3973
4311
4423
3859
3745
4535
3631
3517
3403
3289
3175
3061
2947
3057
2945
2833
2719
2605
2491
2377
2263
2149
2035
4088
4200
3974
4312
3860
4424
4536
3746
3632
3518
3404
3290
3176
3062
2948
2834
3056
2944
2720
2606
2378
2264
2150
2036
1922
4089
4201
3975
4313
3861
4425
4537
3747
3633
3519
3405
3291
3177
3063
2949
2835
2721
2943
2607
2265
2151
2037
1923
1809
4090
4202
3976
4314
3862
4426
4538
3748
3634
3520
3406
3292
3178
3064
2950
2836
2722
2608
2494
2152
2038
1924
1810
1696
3977
4315
4427
4539
3749
3635
3521
3407
3293
3179
3065
2951
2837
2723
2609
2495
2493
2381
2039
1925
1811
1697
1583
4316
4428
4540
3750
3636
3522
3408
3294
3180
3066
2952
2838
2724
2610
2496
2382
2492
2380
2268
2040
1926
1812
1698
1584
1470
4429
4541
3751
3863
3637
3523
3409
3295
3181
3067
2953
2839
2725
2611
2497
2383
2269
2379
2267
2155
2041
2153
1927
1813
1699
1585
1471
1469
1357
4542
3752
3864
3638
3524
3410
3296
3182
3068
2954
2840
2726
2612
2498
2384
2270
2156
2266
2154
2042
1928
1814
1700
1586
1472
1358
1356
1244
4543
3753
3865
3639
3525
3411
3297
3183
3069
2955
2841
2727
2613
2499
2385
2271
2157
2043
1929
1815
1701
1587
1473
1359
1245
1243
1131
4544
4430
3754
3866
3640
3978
3526
3412
3298
3184
3070
2956
2842
2728
2614
2500
2386
2272
2158
2044
1930
1816
1702
1588
1474
1360
1246
1132
1130
1018
4545
4431
4317
3755
3867
3641
3979
3527
4091
3413
3299
3185
3071
2957
2843
2729
2615
2501
2387
2273
2159
2045
1931
1817
1703
1589
1475
1361
1247
1133
1019
905
4546
4432
4318
4204
3756
3868
3642
3980
3528
4092
3414
3300
3186
3072
2958
2844
2730
2616
2502
2388
2274
2160
2046
1932
1818
1704
1590
1476
1362
1248
1134
1020
906
792
4547
4433
4319
4205
4203
3757
3869
3643
3981
3529
4093
3415
3301
3187
3073
2959
2845
2731
2617
2503
2389
2275
2161
2047
1933
1819
1705
1591
1477
1363
1249
1135
1021
907
793
679
4548
4434
4320
4206
3758
3870
3644
3982
3530
4094
3416
3302
3188
3074
2960
2846
2732
2618
2504
2390
2276
2162
2048
1934
1820
1706
1592
1478
1364
1250
1136
1022
908
794
680
566
4549
4435
4321
4207
3759
3871
3645
3983
3531
4095
3417
3303
3189
3075
2961
2733
2619
2505
2391
2277
2163
2049
1935
1821
1707
1593
1479
1365
1251
1137
1023
909
795
681
567
453
4550
4436
4322
4208
3760
3872
3646
3984
3532
4096
3418
3304
3190
3076
2962
2734
2620
2506
2392
2278
2164
2050
1936
1822
1708
1594
1480
1366
1252
1138
1024
910
796
682
568
454
340
4551
4437
4323
4209
3761
3873
3647
3985
3533
3419
4097
3305
3191
3077
2849
2735
2847
2621
2507
2393
2279
2165
2051
1937
1823
1709
1595
1481
1367
1253
1139
1025
911
797
683
569
455
341
227
4552
4438
4324
4210
3762
3874
3648
3986
3534
4098
3420
3306
3192
3078
2964
2736
2848
2622
2508
2394
2280
2166
2052
1938
1824
1710
1596
1482
1368
1254
1140
1026
912
798
684
570
456
342
228
114
4439
4325
4211
3763
3875
3649
3987
3535
4099
3421
3307
3193
3079
2965
2963
2851
2737
2623
2509
2395
2281
2167
2053
1939
1825
1711
1597
1483
1369
1141
913
799
685
571
457
343
229
115
1
4440
4326
4212
3764
3876
3650
3988
3536
4100
3422
3308
3194
3080
2966
2852
2850
2738
2624
2510
2396
2282
2168
2054
1940
1826
1712
1598
1484
1370
1256
1142
1028
914
800
686
572
458
344
230
116
2
4441
4327
4213
3877
3651
3989
3537
4101
3423
3309
3195
3081
2967
2853
2739
2625
2511
2397
2283
2169
2055
1941
1827
1713
1599
1485
1371
1257
1255
1143
1029
915
1027
801
687
573
459
231
117
3
4442
4328
4214
3652
3538
4102
3424
3310
3196
3082
2968
2854
2740
2626
2512
2398
2284
2170
2056
1942
1828
1600
1486
1372
1258
1144
1030
916
802
688
574
460
346
232
118
4
4329
4215
3653
3539
3425
3311
3197
3083
2969
2855
2741
2627
2513
2399
2285
2171
2057
1943
1829
1715
1601
1487
1373
1259
1145
1031
917
803
689
575
461
347
345
233
119
5
3654
3540
3426
3312
3198
3084
2970
2856
2742
2628
2514
2400
2286
2172
2058
1944
1830
1716
1714
1602
1488
1374
1260
1146
1032
918
804
690
576
462
348
234
120
6
3541
3427
3313
3199
2971
2857
2743
2629
2515
2401
2173
2059
1945
1831
1717
1603
1489
1375
1261
1147
1033
919
805
691
577
463
349
235
121
7
3200
2972
2858
2744
2630
2516
2402
2288
2174
2060
1946
1832
1718
1604
1490
1376
1262
1148
1034
920
806
692
578
464
350
236
122
8
3201
3087
2973
3085
2859
2745
2631
2517
2403
2289
2175
2061
1947
1833
1719
1605
1491
1377
1263
1149
1035
921
807
693
579
465
351
237
123
9
3088
2974
3086
2860
2746
2632
2518
2404
2290
2176
2062
1948
1834
1720
1606
1492
1378
1264
1150
1036
922
808
694
580
466
352
238
124
10
2975
2861
2747
2633
2519
2405
2291
2177
2063
1949
1835
1721
1607
1379
1265
1151
1037
923
809
695
581
467
353
239
125
11
2862
2748
2634
2520
2406
2292
2178
2064
1950
1836
1722
1380
1266
1152
1038
924
810
696
582
468
354
240
126
12
2863
2749
2635
2521
2407
2293
2179
2065
1951
1837
1723
1609
1381
1493
1267
1153
1039
925
811
697
583
469
355
241
127
13
2864
2750
2636
2522
2408
2294
2180
2066
1724
1610
1382
1494
1268
1154
1040
812
698
584
470
356
242
128
14
2865
2751
2637
2523
2409
2295
2181
2067
1953
1611
1383
1495
1269
1155
1041
927
813
699
585
471
357
243
129
15
2978
2752
2638
2524
2068
1954
1384
1496
1270
1608
1156
1042
928
926
814
700
472
358
244
130
16
2639
2525
2411
1955
1841
1385
1497
1271
1157
1043
929
815
701
473
359
245
131
17
2640
2526
2412
1386
1498
1272
1158
1044
930
816
702
588
474
586
360
246
2527
1387
1499
1273
1159
1045
931
817
703
589
587
475
361
247
133
1388
1500
1274
1612
1160
1046
932
818
704
590
476
362
248
134
132
20
1389
1501
1275
1613
1161
1725
1047
933
819
705
591
477
363
249
135
21
19
1390
1502
1276
1614
1162
1726
1048
1838
934
820
706
592
478
364
250
136
22
18
1391
1503
1277
1615
1163
1727
1049
1839
935
821
707
593
479
365
251
137
23
1392
1504
1278
1616
1164
1728
1050
1840
936
1952
822
708
594
480
366
252
138
24
1393
1505
1279
1617
1165
1729
1051
937
823
709
595
481
367
253
139
25
1394
1506
1280
1618
1166
1730
1052
1842
938
824
710
596
482
368
254
140
26
1395
1507
1281
1619
1167
1731
1053
1843
939
825
711
597
483
369
255
141
27
1396
1508
1282
1620
1168
1732
1054
1844
940
1956
826
598
484
370
256
142
28
1397
1509
1283
1621
1169
1733
1055
1845
941
1957
827
2069
713
599
485
371
257
143
29
1398
1510
1284
1622
1170
1734
1056
1846
942
1958
828
2070
714
2182
600
712
486
372
258
144
30
1399
1511
1285
1623
1171
1735
1847
1057
943
1959
829
2071
715
2183
601
487
373
259
145
31
1400
1512
1286
1624
1172
1736
1848
1960
1058
944
830
2072
716
2184
602
2296
488
374
260
146
32
1401
1513
1287
1625
1173
1737
1059
1849
1961
2073
945
831
717
2185
603
2297
489
375
261
147
33
1402
1514
1288
1626
1174
1738
946
1850
1962
2074
2186
832
718
604
2298
490
2410
376
262
148
34
1403
1515
1289
1627
1175
1739
1061
833
1851
1963
2075
2187
2299
719
605
491
377
263
149
35
1516
1740
1062
1852
720
1964
2076
2188
2300
606
492
378
150
36
1629
1853
607
1965
2077
2189
2301
2413
493
379
265
151
37
1630
1742
608
494
1966
2078
2190
2302
2414
380
266
152
264
38
1743
495
381
1967
2079
2191
2303
2415
267
153
39
1744
1856
496
382
268
1968
2080
1854
2192
2304
2416
2528
154
40
1745
1857
1969
383
269
2081
1855
2193
1741
2305
2417
2529
2641
1746
1858
1970
2082
384
270
156
2194
2306
1628
2418
2530
2642
2754
1747
1859
1633
1971
2083
2195
385
271
157
43
2307
2419
2531
2643
2755
2753
2867
1860
1634
1972
1520
2084
2196
386
498
272
158
44
2308
2420
2532
2644
2756
2868
2866
2980
1861
1973
1521
2085
2197
387
499
273
611
159
45
2309
2421
2533
2645
2757
2869
2981
2979
3093
1862
1974
2086
2198
388
500
274
612
160
610
724
46
2310
2422
2534
2646
2758
2870
2982
3094
3092
3206
1975
2199
2311
389
501
275
613
161
725
47
837
2423
2535
2647
2759
2871
2983
3095
3207
3091
3205
3319
1976
2088
2312
390
276
162
726
48
838
950
2424
2536
2648
2760
2872
2984
3096
3208
3320
3090
3204
3318
3432
1977
2089
391
503
277
163
49
839
951
2425
2537
2649
2761
2873
2985
3097
3209
3321
3433
3089
3203
2977
3317
3431
3545
1978
2090
1864
392
278
164
952
2426
2538
2650
2762
2874
2986
3098
3210
3322
3434
3546
3202
2976
3316
3430
3544
3658
1979
2091
1865
2203
1751
393
505
279
165
2427
2539
2313
2651
2763
2875
2987
3099
3211
3323
3435
3547
3315
3429
3543
3657
3659
3771
1980
2092
1866
2204
1752
2316
1638
394
506
280
618
166
2428
2540
2314
2652
2200
2764
2876
2988
3100
3212
3324
3436
3548
3314
3428
3542
3656
3770
3660
3772
3884
1981
2093
1867
2205
1753
2317
1639
2429
395
507
281
619
731
2541
2315
2653
2201
2765
2087
2877
2989
3101
3213
3325
3437
3549
3655
3769
3883
3661
3773
3885
3997
2094
1868
2206
1754
2430
396
508
282
620
732
730
2542
2654
2202
2766
2878
2990
3102
3214
3326
3438
3550
3768
3882
3996
3662
3774
3886
3998
2207
1869
1755
397
509
621
169
2543
2655
2767
2879
2991
3103
3215
3327
3439
3551
3663
3767
3881
3995
3775
3887
3999
4111
2208
2320
1756
398
510
622
734
170
56
2544
2656
2768
2880
2992
3104
3216
3328
3440
3552
3664
3776
3766
3880
3994
4108
3888
4000
4112
4224
2321
735
847
57
2545
2657
2431
2769
2881
2993
3105
3217
3329
3441
3553
3665
3777
3889
3765
3879
3993
4107
4221
4001
4113
4225
4223
848
2546
2658
2432
2770
2318
2882
2994
3106
3218
3330
3442
3554
3666
3778
3890
4002
3878
3992
4106
4220
4222
4334
4114
4226
4338
4336
2547
2659
2433
2771
2319
2883
2995
3107
3219
3331
3443
3555
3667
3779
3891
4003
4115
3991
4105
4219
4333
4335
4447
4227
4339
4451
4449
2548
2660
2434
2772
2884
2996
3108
3220
3332
3444
3556
3668
3780
3892
4004
4116
4228
3990
4104
4218
4332
4446
4448
4560
4340
4452
4450
4564
4562
2549
2661
2435
2773
2885
2997
3109
3221
3333
3445
3557
3669
3781
3893
4005
4117
4229
4341
4103
4217
4445
4561
4453
4565
4563
2550
2662
2436
2774
2322
2886
2998
3110
3222
3334
3446
3558
3670
3782
3894
4006
4118
4230
4342
4454
4216
4444
4558
4566
2551
2663
2437
2775
2323
2887
2209
2999
3111
3223
3335
3447
3559
3671
3783
3895
4007
4231
4343
4455
4567
4557
2552
2664
2776
2438
2324
2888
2210
3000
2096
3112
3224
3336
3448
3560
3672
3784
3896
4008
4120
4456
4568
2553
2665
2439
2777
2889
2325
2211
3001
2097
3113
2095
1983
3225
3337
3449
3561
3673
3785
3897
4009
4121
4119
4233
4457
4569
2554
2666
2440
2326
2778
2890
3002
2212
2098
3114
1984
3226
1982
1870
3338
3450
3562
3674
3786
3898
4010
4122
4234
4232
4346
4458
4570
2555
2667
2441
2779
2327
2213
2891
3003
3115
2099
1985
3227
1871
3339
1757
3451
3563
3675
3787
3899
4011
4123
4235
4347
4345
4459
4571
2556
2442
2780
2328
2892
3004
3116
3228
2100
1986
1872
3340
1758
1644
3564
3676
3788
3900
4012
4124
4236
4348
4460
4344
4572
2443
2329
2215
2893
3005
3117
3229
3341
2101
1987
1873
1759
1645
1643
1531
3677
3789
3901
4013
4125
4237
4349
4461
4573
2216
2894
3006
3118
3230
3342
3454
2102
2214
1988
1874
1760
1646
1532
1642
1530
1418
3678
3790
3902
4014
4126
4238
4350
4462
4574
2895
3007
2781
3119
3231
3343
3455
3567
2103
1989
1875
1761
1647
1533
1419
1641
1529
1417
1305
3679
3791
3565
3903
4015
4127
4239
4351
4463
4575
2896
3008
2782
3120
2668
3232
3344
3456
3568
2104
1990
1876
1762
1648
1534
1420
1306
1640
1528
1416
1304
1192
3680
3792
3566
3904
3452
4016
4128
4240
4352
4464
4576
2897
3009
2783
3121
2669
3233
3345
3457
3569
2105
2217
1991
1877
1763
1649
1535
1421
1307
1193
1527
1415
1303
1191
1079
3681
3793
3905
3453
4017
4129
4241
4353
4465
4577
2898
3010
2784
3122
2670
3234
3346
3458
3570
3682
2106
2218
1992
2330
1878
1764
1650
1536
1422
1308
1194
1080
1526
1414
1302
1190
1078
966
3794
3906
4018
4130
4242
4354
4466
4578
2899
3011
2785
3123
2671
3235
2557
3347
3459
3571
3683
3795
2107
2219
1993
2331
1879
1765
1651
1537
1423
1309
1195
1081
967
1525
1413
1301
1189
1077
965
853
3907
4019
4131
4243
4355
4467
4579
2900
3012
2786
3124
2672
3236
2558
3348
2444
3460
3572
3684
3796
3908
2108
2220
1994
2332
1880
1766
1652
1538
1424
1310
1196
1082
968
854
1524
1412
1300
1188
1076
964
852
740
4020
4132
4244
4356
4468
4580
2901
3013
3125
2787
2673
3237
2559
3349
2445
3573
3685
3909
4021
2109
2221
1995
2333
1881
1767
1653
1539
1425
1311
1197
1083
969
855
741
1523
1637
1411
1299
1187
1075
963
851
739
627
4133
4245
4357
4469
4581
3014
3126
3238
2788
2674
2560
3350
2446
3462
3686
3798
4134
2110
2222
1996
2334
1882
1768
1654
1540
1426
1312
1198
1084
970
856
742
628
1522
1636
1410
1750
1298
1186
1074
962
850
738
626
514
4246
4358
4470
4582
3015
3127
3239
3351
2675
2561
2447
3463
3461
3575
3687
3799
4247
2111
2223
1997
2335
1883
1769
1655
1541
1427
1313
1199
1085
971
857
743
629
515
1635
1409
1749
1297
1863
1185
1073
961
849
737
625
513
401
4359
4471
4583
3128
3240
3352
3464
2562
2448
3576
3574
3688
3800
4248
4360
2224
1998
2336
1884
1770
1656
1542
1428
1314
1200
1086
972
858
744
630
516
402
1748
1408
1296
1184
1072
960
736
624
512
400
288
4472
4584
3129
3241
3353
3465
3577
2449
3689
3801
4361
1771
1657
1543
1429
1315
1201
1087
973
859
745
631
517
403
289
1407
1295
1183
1071
959
623
511
399
287
175
4585
3242
3354
3466
3578
3690
3802
3914
1772
1658
1544
1430
1316
1202
1088
974
860
746
632
518
404
290
176
1406
1294
1182
1070
958
846
286
174
62
4586
3243
3355
3467
3579
3691
3803
3915
3913
4027
1773
1885
1659
1545
1431
1317
1203
1089
975
861
747
633
519
405
291
177
63
1405
1519
1293
1181
1069
957
845
733
285
173
61
3356
3468
3580
3692
3804
3916
4028
3912
4026
4140
1774
1886
1660
1546
1204
1090
748
634
520
406
292
178
64
1404
1518
1292
1632
1180
1068
956
844
284
172
60
3469
3581
3693
3805
3917
4029
4141
3911
4025
4139
4253
1775
1887
1661
1999
1547
1433
1205
1091
977
749
635
521
407
293
179
65
1517
1291
1631
1179
1067
955
843
283
171
59
3470
3582
3694
3806
3918
4030
4142
4254
3910
4024
4138
4252
4366
1662
1548
1434
1432
1320
1092
978
750
862
636
522
408
294
180
66
1290
1178
1066
954
842
58
3471
3583
3357
3695
3807
3919
4031
4143
4255
4367
4023
3797
4137
4251
4365
4479
1549
1435
1321
1319
1207
979
751
863
637
523
409
295
181
67
1177
1065
953
841
729
3472
3584
3358
3696
3808
3920
4032
4144
4256
4368
4480
4022
4136
4250
4364
4478
4592
1550
1436
1322
1208
1318
1206
1094
752
864
638
976
524
410
296
182
68
1176
1064
840
728
616
3585
3697
3809
3921
4033
4145
4257
4369
4481
4593
4135
4249
4363
4477
4591
1437
1323
1209
1095
1093
981
753
865
639
525
411
297
183
69
1063
727
615
617
3586
3698
3810
3922
4034
4146
4258
4370
4482
4594
4362
4476
4590
1324
1210
1096
982
980
868
754
866
640
526
412
298
184
70
614
502
504
3699
3811
3923
4035
4147
4259
4371
4483
4595
4475
4589
1211
1097
983
869
867
755
641
527
413
299
185
71
3812
3924
4036
4148
4260
4372
4484
4596
4474
4588
1212
1098
984
870
756
642
528
300
186
72
3813
3925
4037
4149
4261
4373
4485
4597
4473
4587
1099
985
871
757
643
529
415
187
73
3926
4038
4150
4262
4374
4486
4598
986
872
758
644
530
416
414
302
74
4039
4151
4263
4375
4487
4599
987
873
759
645
531
417
303
301
189
75
4040
4152
4264
4376
4488
4600
874
760
646
532
418
304
190
188
76
4153
4265
4377
4489
4601
875
761
647
533
419
305
191
77
4154
4266
4378
4490
4602
762
648
534
420
306
192
78
4267
4379
4491
4603
763
649
535
421
307
193
79
4268
4380
4492
4604
650
536
422
308
194
80
4269
4381
4493
4605
651
537
423
309
195
81
4382
4494
4606
652
538
424
310
196
82
4383
4495
4607
653
539
425
311
197
83
4384
4496
4608
654
540
426
312
198
84
4385
4609
655
541
427
313
199
85
4610
656
768
542
428
314
200
86
4611
4497
657
769
543
429
315
201
87
4612
4498
658
770
544
430
316
202
88
4613
4499
659
771
317
203
89
4614
4500
4386
660
772
884
204
90
4615
4501
4387
661
773
547
885
205
91
4616
4502
4388
662
774
548
886
206
318
92
4617
4503
4389
4275
663
775
549
887
999
207
319
93
431
4618
4504
4390
4276
4162
208
320
94
432
4619
4505
4391
4277
4163
4161
4049
209
321
95
433
545
4620
4506
4392
4278
4164
4160
4274
4048
4050
3936
210
322
96
434
546
4621
4507
4393
4279
4165
4159
4273
4047
4051
3937
211
323
97
435
4622
4508
4394
4280
4166
4052
4158
4272
4046
3938
3824
212
324
98
436
4623
4509
4395
4281
4167
4053
4157
4271
4045
3939
3825
213
325
99
437
4624
4510
4396
4282
4168
4054
3940
4156
4270
4044
3826
3712
214
326
100
438
550
4625
4511
4397
4283
4169
4055
3941
3827
4155
4043
3931
3713
215
327
101
439
551
4626
4512
4398
4284
4170
4056
3942
3828
3714
4042
3930
216
328
102
440
552
664
4627
4513
4399
4285
4171
4057
3943
3829
3715
3601
4041
3929
217
329
103
441
553
665
777
4514
4400
4286
4172
4058
3944
3830
3716
3602
3928
3816
218
330
104
442
554
666
778
776
890
4401
4287
4173
4059
3945
3831
3717
3603
3927
3815
219
331
105
443
555
667
779
891
889
1003
4402
4288
4174
4060
3946
3832
3718
3604
3814
3702
220
332
106
444
556
668
780
892
1004
888
1002
4403
4289
4175
4061
3947
3833
3719
3605
3701
3589
221
333
107
445
557
669
781
893
1005
1001
4404
4290
4176
4062
3948
3834
3720
3606
3492
3700
3588
222
334
108
446
558
670
782
894
1006
1000
4291
4177
4063
3949
3835
3721
3607
3493
3587
3475
223
335
109
447
559
671
783
895
1007
4178
4064
3950
3836
3722
3608
3494
3474
3362
224
336
110
448
560
672
784
896
1008
1120
4065
3951
3837
3723
3609
3495
3381
3473
3361
225
337
111
449
561
673
785
897
1009
1121
4066
3952
3838
3724
3610
3496
3382
3360
3248
338
112
450
674
786
898
1010
1122
1234
4067
3953
3839
3725
3611
3497
3383
3359
3247
451
675
787
899
1011
1123
1235
4068
3954
3840
3726
3612
3498
3384
3270
3246
3134
564
676
788
562
900
1012
1124
1236
1348
4181
3955
3841
3727
3613
3385
3271
3157
3245
3133
677
789
563
901
1013
1125
1237
1349
1461
4294
3842
3728
3614
3500
3272
3158
3244
3132
678
790
902
1014
1126
1238
1350
1462
1574
4407
3729
3615
3501
3499
3387
3273
3159
3045
3131
3019
791
565
903
1015
1127
1239
1351
1463
1575
3616
3502
3388
3386
3274
3160
3046
2932
3130
3018
904
452
1016
1128
1240
1464
1576
3503
3389
3275
3161
3047
2933
2819
3017
2905
1017
339
1129
1241
1353
1577
1689
3390
3276
3162
3048
2934
2820
2706
3016
2904
226
1242
1354
1352
1466
1690
3277
3163
3049
2935
2821
2707
2705
2593
2903
2791
113
1355
1467
1465
1579
3164
3050
2936
2822
2708
2594
2592
2480
2902
2790
2678
1468
1580
1578
1692
3051
2937
2823
2709
2595
2481
2479
2367
2789
2677
2565
1581
1693
1691
1805
2938
2824
2710
2596
2482
2368
2366
2254
2676
2564
2452
1582
1694
1806
1804
1918
2825
2711
2597
2483
2369
2255
2365
2253
2141
2563
2451
2339
1695
1807
1919
1803
1917
2031
2712
2598
2484
2370
2256
2142
2252
2140
2028
2450
2338
2226
1808
1920
2032
1802
1916
2030
2144
2599
2485
2371
2257
2143
2029
2139
2027
1915
2337
2225
2227
2113
1921
2033
2145
1801
2486
2372
2258
2026
1914
2112
2114
2000
2034
2146
1800
1688
2373
2259
1913
2115
2001
2147
1687
2260
2002
1888
2003
1889
1890
1776
1891
1777
1663
1778
1664
1665
1551
1552
1438
1553
1439
1325
1440
1326
1327
1213
1214
1100
1215
1101
1102
988
1103
989
990
876
991
877
992
878
764
993
879
765
994
880
766
995
881
767
996
1108
882
997
1109
883
998
1110
1111
1223
1112
1224
1113
1225
1337
1114
1226
1338
1115
1227
1116
1228
1117
1229
1118
1230
1119
1231
1343
1232
1344
1233
1345
1346
1458
1347
1459
1571
1460
1572
1573
1685
1686
1798
1799
1911
1912
2024
2025
2023
2137
2138
2136
2250
2251
2249
2363
2364
2362
2476
2477
2589
2478
2590
2591
2703
2704
2816
2817
2929
2818
2930
3042
2931
3043
3041
3155
3044
3156
3154
3268
3269
3267
3266
3380
3265
3379
3264
3378
3263
3377
3491
3262
3376
3490
3261
3375
3489
3374
3488
3373
3487
3372
3486
3600
3485
3599
3484
3598
3597
3711
3596
3710
3709
3823
3708
3822
3707
3821
3935
3706
3820
3934
3705
3819
3933
3704
3818
3592
3932
3703
3817
3591
3590
3478
3477
3365
3476
3364
3363
3251
3250
3138
3249
3137
3136
3024
3135
3023
3022
2910
3021
2909
3020
2908
2907
2795
2906
2794
2793
2681
2792
2680
2568
2679
2567
2455
2566
2454
2342
2453
2341
2229
2340
2228
2230
2116
2117
2118
2004
2005
2006
1892
2007
1893
1779
1894
1780
1666
1781
1667
1668
1554
1555
1441
1442
1328
1443
1329
1330
1216
1331
1217
1332
1218
1104
1333
1219
1105
1334
1220
1106
1335
1221
1107
1336
1448
1222
1449
1450
1562
1451
1563
1452
1564
1453
1565
1339
1454
1566
1340
1455
1567
1341
1456
1568
1342
1457
1569
1570
1682
1683
1795
1684
1796
1908
1797
1909
2021
1910
2022
2134
2135
2247
2248
2246
2360
2361
2359
2473
2474
2475
2587
2588
2700
2701
2813
2702
2814
2926
2815
2927
2925
3039
2928
3040
3038
3152
3153
3037
3151
3036
3150
3035
3149
3034
3148
3033
3147
3146
3260
3145
3259
3258
3371
3370
3369
3483
3368
3482
3367
3481
3595
3366
3480
3254
3594
3479
3253
3593
3252
3140
3139
3027
3026
2914
3025
2913
2912
2800
2911
2799
2798
2797
2796
2684
2683
2571
2682
2570
2458
2569
2457
2345
2456
2344
2232
2343
2231
2233
2119
2234
2120
2121
2122
2008
2009
1895
1896
1782
1783
1669
1784
1670
1556
1671
1557
1672
1558
1444
1673
1559
1445
1674
1560
1446
1675
1561
1447
1676
1788
1677
1789
1901
1678
1790
1902
1679
1791
1680
1792
1681
1793
1794
1906
1907
2019
2020
2132
2133
2245
2244
2358
2357
2471
2356
2470
2472
2584
2585
2697
2586
2698
2810
2699
2811
2809
2923
2812
2924
2808
2922
2807
2921
2806
2920
2805
2919
2918
3032
3031
3030
3144
3029
3143
3257
3028
3142
2916
3256
3141
2915
3255
2802
2801
2689
2688
2687
2575
2686
2574
2462
2685
2573
2461
2463
2572
2460
2348
2464
2576
2459
2347
2235
2465
2577
2351
2346
2236
2466
2578
2352
2350
2238
2237
2123
2467
2579
2353
2691
2239
2349
