475,60
475,61
475,62
475,63
475,64
475,65
475,60
475,61
475,62
475,63
475,64
475,65
475,65
476,65
477,65
477,58
477,59
477,60
477,61
477,62
477,63
477,64
477,65
477,58
477,59
477,60
477,61
477,62
477,63
477,64
477,65
477,65
478,65
479,65
479,57
479,58
479,59
479,60
479,61
479,62
479,63
479,64
479,65
479,57
479,58
479,59
479,60
479,61
479,62
479,63
479,64
479,65
479,65
480,65
481,65
481,60
481,61
481,62
481,63
481,64
481,65
481,60
481,61
481,62
481,63
481,64
481,65
481,65
482,65
483,65
483,55
483,56
483,57
483,58
483,59
483,60
483,61
483,62
483,63
483,64
483,65
483,55
483,56
483,57
483,58
483,59
483,60
483,61
483,62
483,63
483,64
483,65
483,65
484,65
485,65
485,64
485,65
485,64
485,65
485,65
486,65
487,65
487,64
487,65
487,64
487,65
487,65
488,65
489,65
489,60
489,61
489,62
489,63
489,64
489,65
489,60
489,61
489,62
489,63
489,64
489,65
489,65
490,65
491,65
491,63
491,64
491,65
491,63
491,64
491,65
491,65
492,65
493,65
493,64
493,65
493,64
493,65
468,158
468,159
468,160
468,161
468,162
468,158
468,159
468,160
468,161
468,162
468,162
469,162
470,162
470,159
470,160
470,161
470,162
470,159
470,160
470,161
470,162
470,162
471,162
472,162
472,156
472,157
472,158
472,159
472,160
472,161
472,162
472,156
472,157
472,158
472,159
472,160
472,161
472,162
472,162
473,162
474,162
474,157
474,158
474,159
474,160
474,161
474,162
474,157
474,158
474,159
474,160
474,161
474,162
474,162
475,162
476,162
476,152
476,153
476,154
476,155
476,156
476,157
476,158
476,159
476,160
476,161
476,162
476,152
476,153
476,154
476,155
476,156
476,157
476,158
476,159
476,160
476,161
476,162
476,162
477,162
478,162
478,158
478,159
478,160
478,161
478,162
478,158
478,159
478,160
478,161
478,162
478,162
479,162
480,162
480,155
480,156
480,157
480,158
480,159
480,160
480,161
480,162
480,155
480,156
480,157
480,158
480,159
480,160
480,161
480,162
482,143
483,143
484,143
485,143
486,143
487,143
465,44
465,45
465,46
465,47
465,48
465,49
465,50
465,51
465,52
465,44
465,45
465,46
465,47
465,48
465,49
465,50
465,51
465,52
465,52
466,52
467,52
467,51
467,52
467,51
467,52
467,52
468,52
469,52
469,44
469,45
469,46
469,47
469,48
469,49
469,50
469,51
469,52
469,44
469,45
469,46
469,47
469,48
469,49
469,50
469,51
469,52
469,52
470,52
471,52
471,51
471,52
471,51
471,52
471,52
472,52
473,52
473,50
473,51
473,52
473,50
473,51
473,52
473,52
474,52
475,52
475,44
475,45
475,46
475,47
475,48
475,49
475,50
475,51
475,52
475,44
475,45
475,46
475,47
475,48
475,49
475,50
475,51
475,52
475,52
476,52
477,52
477,44
477,45
477,46
477,47
477,48
477,49
477,50
477,51
477,52
477,44
477,45
477,46
477,47
477,48
477,49
477,50
477,51
477,52
477,52
478,52
479,52
479,43
479,44
479,45
479,46
479,47
479,48
479,49
479,50
479,51
479,52
479,43
479,44
479,45
479,46
479,47
479,48
479,49
479,50
479,51
479,52
479,52
480,52
481,52
481,48
481,49
481,50
481,51
481,52
481,48
481,49
481,50
481,51
481,52
481,52
482,52
483,52
483,46
483,47
483,48
483,49
483,50
483,51
483,52
483,46
483,47
483,48
483,49
483,50
483,51
483,52
468,158
468,159
468,160
468,161
468,162
468,158
468,159
468,160
468,161
468,162
468,162
469,162
470,162
470,159
470,160
470,161
470,162
470,159
470,160
470,161
470,162
470,162
471,162
472,162
472,156
472,157
472,158
472,159
472,160
472,161
472,162
472,156
472,157
472,158
472,159
472,160
472,161
472,162
472,162
473,162
474,162
474,157
474,158
474,159
474,160
474,161
474,162
474,157
474,158
474,159
474,160
474,161
474,162
474,162
475,162
476,162
476,152
476,153
476,154
476,155
476,156
476,157
476,158
476,159
476,160
476,161
476,162
476,152
476,153
476,154
476,155
476,156
476,157
476,158
476,159
476,160
476,161
476,162
476,162
477,162
478,162
478,158
478,159
478,160
478,161
478,162
478,158
478,159
478,160
478,161
478,162
478,162
479,162
480,162
480,155
480,156
480,157
480,158
480,159
480,160
480,161
480,162
480,155
480,156
480,157
480,158
480,159
480,160
480,161
480,162
465,44
465,45
465,46
465,47
465,48
465,49
465,50
465,51
465,52
465,44
465,45
465,46
465,47
465,48
465,49
465,50
465,51
465,52
465,52
466,52
467,52
467,51
467,52
467,51
467,52
467,52
468,52
469,52
469,44
469,45
469,46
469,47
469,48
469,49
469,50
469,51
469,52
469,44
469,45
469,46
469,47
469,48
469,49
469,50
469,51
469,52
469,52
470,52
471,52
471,51
471,52
471,51
471,52
471,52
472,52
473,52
473,50
473,51
473,52
473,50
473,51
473,52
473,52
474,52
475,52
475,44
475,45
475,46
475,47
475,48
475,49
475,50
475,51
475,52
475,44
475,45
475,46
475,47
475,48
475,49
475,50
475,51
475,52
475,52
476,52
477,52
477,44
477,45
477,46
477,47
477,48
477,49
477,50
477,51
477,52
477,44
477,45
477,46
477,47
477,48
477,49
477,50
477,51
477,52
477,52
478,52
479,52
479,43
479,44
479,45
479,46
479,47
479,48
479,49
479,50
479,51
479,52
479,43
479,44
479,45
479,46
479,47
479,48
479,49
479,50
479,51
479,52
479,52
480,52
481,52
481,48
481,49
481,50
481,51
481,52
481,48
481,49
481,50
481,51
481,52
481,52
482,52
483,52
483,46
483,47
483,48
483,49
483,50
483,51
483,52
483,46
483,47
483,48
483,49
483,50
483,51
483,52
468,158
468,159
468,160
468,161
468,162
468,158
468,159
468,160
468,161
468,162
468,162
469,162
470,162
470,159
470,160
470,161
470,162
470,159
470,160
470,161
470,162
470,162
471,162
472,162
472,156
472,157
472,158
472,159
472,160
472,161
472,162
472,156
472,157
472,158
472,159
472,160
472,161
472,162
472,162
473,162
474,162
474,157
474,158
474,159
474,160
474,161
474,162
474,157
474,158
474,159
474,160
474,161
474,162
474,162
475,162
476,162
476,152
476,153
476,154
476,155
476,156
476,157
476,158
476,159
476,160
476,161
476,162
476,152
476,153
476,154
476,155
476,156
476,157
476,158
476,159
476,160
476,161
476,162
476,162
477,162
478,162
478,158
478,159
478,160
478,161
478,162
478,158
478,159
478,160
478,161
478,162
478,162
479,162
480,162
480,155
480,156
480,157
480,158
480,159
480,160
480,161
480,162
480,155
480,156
480,157
480,158
480,159
480,160
480,161
480,162
495,81
495,82
495,83
494,83
495,83
494,83
494,84
494,85
494,86
494,87
494,88
494,89
494,90
494,91
494,91
495,91
496,91
497,91
498,91
499,91
500,91
501,91
502,91
503,91
504,91
505,91
505,83
505,84
505,85
505,86
505,87
505,88
505,89
505,90
505,91
501,83
502,83
503,83
504,83
505,83
501,81
501,82
501,83
487,32
488,32
489,32
490,32
491,32
472,136
472,137
472,136
472,137
472,137
473,137
474,137
474,134
474,135
474,136
474,137
474,134
474,135
474,136
474,137
474,137
475,137
476,137
476,127
476,128
476,129
476,130
476,131
476,132
476,133
476,134
476,135
476,136
476,137
476,127
476,128
476,129
476,130
476,131
476,132
476,133
476,134
476,135
476,136
476,137
476,137
477,137
478,137
478,129
478,130
478,131
478,132
478,133
478,134
478,135
478,136
478,137
478,129
478,130
478,131
478,132
478,133
478,134
478,135
478,136
478,137
478,137
479,137
480,137
480,132
480,133
480,134
480,135
480,136
480,137
480,132
480,133
480,134
480,135
480,136
480,137
475,60
475,61
475,62
475,63
475,64
475,65
475,60
475,61
475,62
475,63
475,64
475,65
475,65
476,65
477,65
477,58
477,59
477,60
477,61
477,62
477,63
477,64
477,65
477,58
477,59
477,60
477,61
477,62
477,63
477,64
477,65
477,65
478,65
479,65
479,57
479,58
479,59
479,60
479,61
479,62
479,63
479,64
479,65
479,57
479,58
479,59
479,60
479,61
479,62
479,63
479,64
479,65
479,65
480,65
481,65
481,60
481,61
481,62
481,63
481,64
481,65
481,60
481,61
481,62
481,63
481,64
481,65
481,65
482,65
483,65
483,55
483,56
483,57
483,58
483,59
483,60
483,61
483,62
483,63
483,64
483,65
483,55
483,56
483,57
483,58
483,59
483,60
483,61
483,62
483,63
483,64
483,65
483,65
484,65
485,65
485,64
485,65
485,64
485,65
485,65
486,65
487,65
487,64
487,65
487,64
487,65
487,65
488,65
489,65
489,60
489,61
489,62
489,63
489,64
489,65
489,60
489,61
489,62
489,63
489,64
489,65
489,65
490,65
491,65
491,63
491,64
491,65
491,63
491,64
491,65
491,65
492,65
493,65
493,64
493,65
493,64
493,65
475,60
475,61
475,62
475,63
475,64
475,65
475,60
475,61
475,62
475,63
475,64
475,65
475,65
476,65
477,65
477,58
477,59
477,60
477,61
477,62
477,63
477,64
477,65
477,58
477,59
477,60
477,61
477,62
477,63
477,64
477,65
477,65
478,65
479,65
479,57
479,58
479,59
479,60
479,61
479,62
479,63
479,64
479,65
479,57
479,58
479,59
479,60
479,61
479,62
479,63
479,64
479,65
479,65
480,65
481,65
481,60
481,61
481,62
481,63
481,64
481,65
481,60
481,61
481,62
481,63
481,64
481,65
481,65
482,65
483,65
483,55
483,56
483,57
483,58
483,59
483,60
483,61
483,62
483,63
483,64
483,65
483,55
483,56
483,57
483,58
483,59
483,60
483,61
483,62
483,63
483,64
483,65
483,65
484,65
485,65
485,64
485,65
485,64
485,65
485,65
486,65
487,65
487,64
487,65
487,64
487,65
487,65
488,65
489,65
489,60
489,61
489,62
489,63
489,64
489,65
489,60
489,61
489,62
489,63
489,64
489,65
489,65
490,65
491,65
491,63
491,64
491,65
491,63
491,64
491,65
491,65
492,65
493,65
493,64
493,65
493,64
493,65
468,158
468,159
468,160
468,161
468,162
468,158
468,159
468,160
468,161
468,162
468,162
469,162
470,162
470,159
470,160
470,161
470,162
470,159
470,160
470,161
470,162
470,162
471,162
472,162
472,156
472,157
472,158
472,159
472,160
472,161
472,162
472,156
472,157
472,158
472,159
472,160
472,161
472,162
472,162
473,162
474,162
474,157
474,158
474,159
474,160
474,161
474,162
474,157
474,158
474,159
474,160
474,161
474,162
474,162
475,162
476,162
476,152
476,153
476,154
476,155
476,156
476,157
476,158
476,159
476,160
476,161
476,162
476,152
476,153
476,154
476,155
476,156
476,157
476,158
476,159
476,160
476,161
476,162
476,162
477,162
478,162
478,158
478,159
478,160
478,161
478,162
478,158
478,159
478,160
478,161
478,162
478,162
479,162
480,162
480,155
480,156
480,157
480,158
480,159
480,160
480,161
480,162
480,155
480,156
480,157
480,158
480,159
480,160
480,161
480,162
475,60
475,61
475,62
475,63
475,64
475,65
475,60
475,61
475,62
475,63
475,64
475,65
475,65
476,65
477,65
477,58
477,59
477,60
477,61
477,62
477,63
477,64
477,65
477,58
477,59
477,60
477,61
477,62
477,63
477,64
477,65
477,65
478,65
479,65
479,57
479,58
479,59
479,60
479,61
479,62
479,63
479,64
479,65
479,57
479,58
479,59
479,60
479,61
479,62
479,63
479,64
479,65
479,65
480,65
481,65
481,60
481,61
481,62
481,63
481,64
481,65
481,60
481,61
481,62
481,63
481,64
481,65
481,65
482,65
483,65
483,55
483,56
483,57
483,58
483,59
483,60
483,61
483,62
483,63
483,64
483,65
483,55
483,56
483,57
483,58
483,59
483,60
483,61
483,62
483,63
483,64
483,65
483,65
484,65
485,65
485,64
485,65
485,64
485,65
485,65
486,65
487,65
487,64
487,65
487,64
487,65
487,65
488,65
489,65
489,60
489,61
489,62
489,63
489,64
489,65
489,60
489,61
489,62
489,63
489,64
489,65
489,65
490,65
491,65
491,63
491,64
491,65
491,63
491,64
491,65
491,65
492,65
493,65
493,64
493,65
493,64
493,65
468,158
468,159
468,160
468,161
468,162
468,158
468,159
468,160
468,161
468,162
468,162
469,162
470,162
470,159
470,160
470,161
470,162
470,159
470,160
470,161
470,162
470,162
471,162
472,162
472,156
472,157
472,158
472,159
472,160
472,161
472,162
472,156
472,157
472,158
472,159
472,160
472,161
472,162
472,162
473,162
474,162
474,157
474,158
474,159
474,160
474,161
474,162
474,157
474,158
474,159
474,160
474,161
474,162
474,162
475,162
476,162
476,152
476,153
476,154
476,155
476,156
476,157
476,158
476,159
476,160
476,161
476,162
476,152
476,153
476,154
476,155
476,156
476,157
476,158
476,159
476,160
476,161
476,162
476,162
477,162
478,162
478,158
478,159
478,160
478,161
478,162
478,158
478,159
478,160
478,161
478,162
478,162
479,162
480,162
480,155
480,156
480,157
480,158
480,159
480,160
480,161
480,162
480,155
480,156
480,157
480,158
480,159
480,160
480,161
480,162
478,106
478,107
478,108
472,108
473,108
474,108
475,108
476,108
477,108
478,108
472,108
472,109
472,110
472,111
472,112
472,112
473,112
474,112
475,112
476,112
477,112
478,112
479,112
480,112
481,112
482,112
483,112
484,112
485,112
486,112
487,112
488,112
489,112
489,108
489,109
489,110
489,111
489,112
483,108
484,108
485,108
486,108
487,108
488,108
489,108
483,106
483,107
483,108
465,44
465,45
465,46
465,47
465,48
465,49
465,50
465,51
465,52
465,44
465,45
465,46
465,47
465,48
465,49
465,50
465,51
465,52
465,52
466,52
467,52
467,51
467,52
467,51
467,52
467,52
468,52
469,52
469,44
469,45
469,46
469,47
469,48
469,49
469,50
469,51
469,52
469,44
469,45
469,46
469,47
469,48
469,49
469,50
469,51
469,52
469,52
470,52
471,52
471,51
471,52
471,51
471,52
471,52
472,52
473,52
473,50
473,51
473,52
473,50
473,51
473,52
473,52
474,52
475,52
475,44
475,45
475,46
475,47
475,48
475,49
475,50
475,51
475,52
475,44
475,45
475,46
475,47
475,48
475,49
475,50
475,51
475,52
475,52
476,52
477,52
477,44
477,45
477,46
477,47
477,48
477,49
477,50
477,51
477,52
477,44
477,45
477,46
477,47
477,48
477,49
477,50
477,51
477,52
477,52
478,52
479,52
479,43
479,44
479,45
479,46
479,47
479,48
479,49
479,50
479,51
479,52
479,43
479,44
479,45
479,46
479,47
479,48
479,49
479,50
479,51
479,52
479,52
480,52
481,52
481,48
481,49
481,50
481,51
481,52
481,48
481,49
481,50
481,51
481,52
481,52
482,52
483,52
483,46
483,47
483,48
483,49
483,50
483,51
483,52
483,46
483,47
483,48
483,49
483,50
483,51
483,52
475,60
475,61
475,62
475,63
475,64
475,65
475,60
475,61
475,62
475,63
475,64
475,65
475,65
476,65
477,65
477,58
477,59
477,60
477,61
477,62
477,63
477,64
477,65
477,58
477,59
477,60
477,61
477,62
477,63
477,64
477,65
477,65
478,65
479,65
479,57
479,58
479,59
479,60
479,61
479,62
479,63
479,64
479,65
479,57
479,58
479,59
479,60
479,61
479,62
479,63
479,64
479,65
479,65
480,65
481,65
481,60
481,61
481,62
481,63
481,64
481,65
481,60
481,61
481,62
481,63
481,64
481,65
481,65
482,65
483,65
483,55
483,56
483,57
483,58
483,59
483,60
483,61
483,62
483,63
483,64
483,65
483,55
483,56
483,57
483,58
483,59
483,60
483,61
483,62
483,63
483,64
483,65
483,65
484,65
485,65
485,64
485,65
485,64
485,65
485,65
486,65
487,65
487,64
487,65
487,64
487,65
487,65
488,65
489,65
489,60
489,61
489,62
489,63
489,64
489,65
489,60
489,61
489,62
489,63
489,64
489,65
489,65
490,65
491,65
491,63
491,64
491,65
491,63
491,64
491,65
491,65
492,65
493,65
493,64
493,65
493,64
493,65
465,44
465,45
465,46
465,47
465,48
465,49
465,50
465,51
465,52
465,44
465,45
465,46
465,47
465,48
465,49
465,50
465,51
465,52
465,52
466,52
467,52
467,51
467,52
467,51
467,52
467,52
468,52
469,52
469,44
469,45
469,46
469,47
469,48
469,49
469,50
469,51
469,52
469,44
469,45
469,46
469,47
469,48
469,49
469,50
469,51
469,52
469,52
470,52
471,52
471,51
471,52
471,51
471,52
471,52
472,52
473,52
473,50
473,51
473,52
473,50
473,51
473,52
473,52
474,52
475,52
475,44
475,45
475,46
475,47
475,48
475,49
475,50
475,51
475,52
475,44
475,45
475,46
475,47
475,48
475,49
475,50
475,51
475,52
475,52
476,52
477,52
477,44
477,45
477,46
477,47
477,48
477,49
477,50
477,51
477,52
477,44
477,45
477,46
477,47
477,48
477,49
477,50
477,51
477,52
477,52
478,52
479,52
479,43
479,44
479,45
479,46
479,47
479,48
479,49
479,50
479,51
479,52
479,43
479,44
479,45
479,46
479,47
479,48
479,49
479,50
479,51
479,52
479,52
480,52
481,52
481,48
481,49
481,50
481,51
481,52
481,48
481,49
481,50
481,51
481,52
481,52
482,52
483,52
483,46
483,47
483,48
483,49
483,50
483,51
483,52
483,46
483,47
483,48
483,49
483,50
483,51
483,52
484,35
485,35
486,35
487,35
488,35
465,44
465,45
465,46
465,47
465,48
465,49
465,50
465,51
465,52
465,44
465,45
465,46
465,47
465,48
465,49
465,50
465,51
465,52
465,52
466,52
467,52
467,51
467,52
467,51
467,52
467,52
468,52
469,52
469,44
469,45
469,46
469,47
469,48
469,49
469,50
469,51
469,52
469,44
469,45
469,46
469,47
469,48
469,49
469,50
469,51
469,52
469,52
470,52
471,52
471,51
471,52
471,51
471,52
471,52
472,52
473,52
473,50
473,51
473,52
473,50
473,51
473,52
473,52
474,52
475,52
475,44
475,45
475,46
475,47
475,48
475,49
475,50
475,51
475,52
475,44
475,45
475,46
475,47
475,48
475,49
475,50
475,51
475,52
475,52
476,52
477,52
477,44
477,45
477,46
477,47
477,48
477,49
477,50
477,51
477,52
477,44
477,45
477,46
477,47
477,48
477,49
477,50
477,51
477,52
477,52
478,52
479,52
479,43
479,44
479,45
479,46
479,47
479,48
479,49
479,50
479,51
479,52
479,43
479,44
479,45
479,46
479,47
479,48
479,49
479,50
479,51
479,52
479,52
480,52
481,52
481,48
481,49
481,50
481,51
481,52
481,48
481,49
481,50
481,51
481,52
481,52
482,52
483,52
483,46
483,47
483,48
483,49
483,50
483,51
483,52
483,46
483,47
483,48
483,49
483,50
483,51
483,52
478,106
478,107
478,108
472,108
473,108
474,108
475,108
476,108
477,108
478,108
472,108
472,109
472,110
472,111
472,112
472,112
473,112
474,112
475,112
476,112
477,112
478,112
479,112
480,112
481,112
482,112
483,112
484,112
485,112
486,112
487,112
488,112
489,112
489,108
489,109
489,110
489,111
489,112
483,108
484,108
485,108
486,108
487,108
488,108
489,108
483,106
483,107
483,108
498,13
498,14
498,15
498,16
490,16
491,16
492,16
493,16
494,16
495,16
496,16
497,16
498,16
490,16
490,17
490,18
490,19
490,20
490,21
490,22
490,23
490,23
491,23
492,23
493,23
494,23
495,23
496,23
497,23
498,23
499,23
500,23
501,23
502,23
503,23
504,23
505,23
506,23
507,23
508,23
509,23
510,23
511,23
511,16
511,17
511,18
511,19
511,20
511,21
511,22
511,23
503,16
504,16
505,16
506,16
507,16
508,16
509,16
510,16
511,16
503,13
503,14
503,15
503,16
482,103
483,103
484,103
485,103
486,103
475,60
475,61
475,62
475,63
475,64
475,65
475,60
475,61
475,62
475,63
475,64
475,65
475,65
476,65
477,65
477,58
477,59
477,60
477,61
477,62
477,63
477,64
477,65
477,58
477,59
477,60
477,61
477,62
477,63
477,64
477,65
477,65
478,65
479,65
479,57
479,58
479,59
479,60
479,61
479,62
479,63
479,64
479,65
479,57
479,58
479,59
479,60
479,61
479,62
479,63
479,64
479,65
479,65
480,65
481,65
481,60
481,61
481,62
481,63
481,64
481,65
481,60
481,61
481,62
481,63
481,64
481,65
481,65
482,65
483,65
483,55
483,56
483,57
483,58
483,59
483,60
483,61
483,62
483,63
483,64
483,65
483,55
483,56
483,57
483,58
483,59
483,60
483,61
483,62
483,63
483,64
483,65
483,65
484,65
485,65
485,64
485,65
485,64
485,65
485,65
486,65
487,65
487,64
487,65
487,64
487,65
487,65
488,65
489,65
489,60
489,61
489,62
489,63
489,64
489,65
489,60
489,61
489,62
489,63
489,64
489,65
489,65
490,65
491,65
491,63
491,64
491,65
491,63
491,64
491,65
491,65
492,65
493,65
493,64
493,65
493,64
493,65
465,44
465,45
465,46
465,47
465,48
465,49
465,50
465,51
465,52
465,44
465,45
465,46
465,47
465,48
465,49
465,50
465,51
465,52
465,52
466,52
467,52
467,51
467,52
467,51
467,52
467,52
468,52
469,52
469,44
469,45
469,46
469,47
469,48
469,49
469,50
469,51
469,52
469,44
469,45
469,46
469,47
469,48
469,49
469,50
469,51
469,52
469,52
470,52
471,52
471,51
471,52
471,51
471,52
471,52
472,52
473,52
473,50
473,51
473,52
473,50
473,51
473,52
473,52
474,52
475,52
475,44
475,45
475,46
475,47
475,48
475,49
475,50
475,51
475,52
475,44
475,45
475,46
475,47
475,48
475,49
475,50
475,51
475,52
475,52
476,52
477,52
477,44
477,45
477,46
477,47
477,48
477,49
477,50
477,51
477,52
477,44
477,45
477,46
477,47
477,48
477,49
477,50
477,51
477,52
477,52
478,52
479,52
479,43
479,44
479,45
479,46
479,47
479,48
479,49
479,50
479,51
479,52
479,43
479,44
479,45
479,46
479,47
479,48
479,49
479,50
479,51
479,52
479,52
480,52
481,52
481,48
481,49
481,50
481,51
481,52
481,48
481,49
481,50
481,51
481,52
481,52
482,52
483,52
483,46
483,47
483,48
483,49
483,50
483,51
483,52
483,46
483,47
483,48
483,49
483,50
483,51
483,52
475,60
475,61
475,62
475,63
475,64
475,65
475,60
475,61
475,62
475,63
475,64
475,65
475,65
476,65
477,65
477,58
477,59
477,60
477,61
477,62
477,63
477,64
477,65
477,58
477,59
477,60
477,61
477,62
477,63
477,64
477,65
477,65
478,65
479,65
479,57
479,58
479,59
479,60
479,61
479,62
479,63
479,64
479,65
479,57
479,58
479,59
479,60
479,61
479,62
479,63
479,64
479,65
479,65
480,65
481,65
481,60
481,61
481,62
481,63
481,64
481,65
481,60
481,61
481,62
481,63
481,64
481,65
481,65
482,65
483,65
483,55
483,56
483,57
483,58
483,59
483,60
483,61
483,62
483,63
483,64
483,65
483,55
483,56
483,57
483,58
483,59
483,60
483,61
483,62
483,63
483,64
483,65
483,65
484,65
485,65
485,64
485,65
485,64
485,65
485,65
486,65
487,65
487,64
487,65
487,64
487,65
487,65
488,65
489,65
489,60
489,61
489,62
489,63
489,64
489,65
489,60
489,61
489,62
489,63
489,64
489,65
489,65
490,65
491,65
491,63
491,64
491,65
491,63
491,64
491,65
491,65
492,65
493,65
493,64
493,65
493,64
493,65
465,44
465,45
465,46
465,47
465,48
465,49
465,50
465,51
465,52
465,44
465,45
465,46
465,47
465,48
465,49
465,50
465,51
465,52
465,52
466,52
467,52
467,51
467,52
467,51
467,52
467,52
468,52
469,52
469,44
469,45
469,46
469,47
469,48
469,49
469,50
469,51
469,52
469,44
469,45
469,46
469,47
469,48
469,49
469,50
469,51
469,52
469,52
470,52
471,52
471,51
471,52
471,51
471,52
471,52
472,52
473,52
473,50
473,51
473,52
473,50
473,51
473,52
473,52
474,52
475,52
475,44
475,45
475,46
475,47
475,48
475,49
475,50
475,51
475,52
475,44
475,45
475,46
475,47
475,48
475,49
475,50
475,51
475,52
475,52
476,52
477,52
477,44
477,45
477,46
477,47
477,48
477,49
477,50
477,51
477,52
477,44
477,45
477,46
477,47
477,48
477,49
477,50
477,51
477,52
477,52
478,52
479,52
479,43
479,44
479,45
479,46
479,47
479,48
479,49
479,50
479,51
479,52
479,43
479,44
479,45
479,46
479,47
479,48
479,49
479,50
479,51
479,52
479,52
480,52
481,52
481,48
481,49
481,50
481,51
481,52
481,48
481,49
481,50
481,51
481,52
481,52
482,52
483,52
483,46
483,47
483,48
483,49
483,50
483,51
483,52
483,46
483,47
483,48
483,49
483,50
483,51
483,52
478,106
478,107
478,108
472,108
473,108
474,108
475,108
476,108
477,108
478,108
472,108
472,109
472,110
472,111
472,112
472,112
473,112
474,112
475,112
476,112
477,112
478,112
479,112
480,112
481,112
482,112
483,112
484,112
485,112
486,112
487,112
488,112
489,112
489,108
489,109
489,110
489,111
489,112
483,108
484,108
485,108
486,108
487,108
488,108
489,108
483,106
483,107
483,108
478,106
478,107
478,108
472,108
473,108
474,108
475,108
476,108
477,108
478,108
472,108
472,109
472,110
472,111
472,112
472,112
473,112
474,112
475,112
476,112
477,112
478,112
479,112
480,112
481,112
482,112
483,112
484,112
485,112
486,112
487,112
488,112
489,112
489,108
489,109
489,110
489,111
489,112
483,108
484,108
485,108
486,108
487,108
488,108
489,108
483,106
483,107
483,108
494,103
495,103
496,103
497,103
498,103
476,38
476,39
476,39
477,39
478,39
479,39
480,39
481,39
482,39
483,39
484,39
484,38
484,39
489,70
490,70
491,70
492,70
493,70
475,60
475,61
475,62
475,63
475,64
475,65
475,60
475,61
475,62
475,63
475,64
475,65
475,65
476,65
477,65
477,58
477,59
477,60
477,61
477,62
477,63
477,64
477,65
477,58
477,59
477,60
477,61
477,62
477,63
477,64
477,65
477,65
478,65
479,65
479,57
479,58
479,59
479,60
479,61
479,62
479,63
479,64
479,65
479,57
479,58
479,59
479,60
479,61
479,62
479,63
479,64
479,65
479,65
480,65
481,65
481,60
481,61
481,62
481,63
481,64
481,65
481,60
481,61
481,62
481,63
481,64
481,65
481,65
482,65
483,65
483,55
483,56
483,57
483,58
483,59
483,60
483,61
483,62
483,63
483,64
483,65
483,55
483,56
483,57
483,58
483,59
483,60
483,61
483,62
483,63
483,64
483,65
483,65
484,65
485,65
485,64
485,65
485,64
485,65
485,65
486,65
487,65
487,64
487,65
487,64
487,65
487,65
488,65
489,65
489,60
489,61
489,62
489,63
489,64
489,65
489,60
489,61
489,62
489,63
489,64
489,65
489,65
490,65
491,65
491,63
491,64
491,65
491,63
491,64
491,65
491,65
492,65
493,65
493,64
493,65
493,64
493,65
465,44
465,45
465,46
465,47
465,48
465,49
465,50
465,51
465,52
465,44
465,45
465,46
465,47
465,48
465,49
465,50
465,51
465,52
465,52
466,52
467,52
467,51
467,52
467,51
467,52
467,52
468,52
469,52
469,44
469,45
469,46
469,47
469,48
469,49
469,50
469,51
469,52
469,44
469,45
469,46
469,47
469,48
469,49
469,50
469,51
469,52
469,52
470,52
471,52
471,51
471,52
471,51
471,52
471,52
472,52
473,52
473,50
473,51
473,52
473,50
473,51
473,52
473,52
474,52
475,52
475,44
475,45
475,46
475,47
475,48
475,49
475,50
475,51
475,52
475,44
475,45
475,46
475,47
475,48
475,49
475,50
475,51
475,52
475,52
476,52
477,52
477,44
477,45
477,46
477,47
477,48
477,49
477,50
477,51
477,52
477,44
477,45
477,46
477,47
477,48
477,49
477,50
477,51
477,52
477,52
478,52
479,52
479,43
479,44
479,45
479,46
479,47
479,48
479,49
479,50
479,51
479,52
479,43
479,44
479,45
479,46
479,47
479,48
479,49
479,50
479,51
479,52
479,52
480,52
481,52
481,48
481,49
481,50
481,51
481,52
481,48
481,49
481,50
481,51
481,52
481,52
482,52
483,52
483,46
483,47
483,48
483,49
483,50
483,51
483,52
483,46
483,47
483,48
483,49
483,50
483,51
483,52
475,60
475,61
475,62
475,63
475,64
475,65
475,60
475,61
475,62
475,63
475,64
475,65
475,65
476,65
477,65
477,58
477,59
477,60
477,61
477,62
477,63
477,64
477,65
477,58
477,59
477,60
477,61
477,62
477,63
477,64
477,65
477,65
478,65
479,65
479,57
479,58
479,59
479,60
479,61
479,62
479,63
479,64
479,65
479,57
479,58
479,59
479,60
479,61
479,62
479,63
479,64
479,65
479,65
480,65
481,65
481,60
481,61
481,62
481,63
481,64
481,65
481,60
481,61
481,62
481,63
481,64
481,65
481,65
482,65
483,65
483,55
483,56
483,57
483,58
483,59
483,60
483,61
483,62
483,63
483,64
483,65
483,55
483,56
483,57
483,58
483,59
483,60
483,61
483,62
483,63
483,64
483,65
483,65
484,65
485,65
485,64
485,65
485,64
485,65
485,65
486,65
487,65
487,64
487,65
487,64
487,65
487,65
488,65
489,65
489,60
489,61
489,62
489,63
489,64
489,65
489,60
489,61
489,62
489,63
489,64
489,65
489,65
490,65
491,65
491,63
491,64
491,65
491,63
491,64
491,65
491,65
492,65
493,65
493,64
493,65
493,64
493,65
498,13
498,14
498,15
498,16
490,16
491,16
492,16
493,16
494,16
495,16
496,16
497,16
498,16
490,16
490,17
490,18
490,19
490,20
490,21
490,22
490,23
490,23
491,23
492,23
493,23
494,23
495,23
496,23
497,23
498,23
499,23
500,23
501,23
502,23
503,23
504,23
505,23
506,23
507,23
508,23
509,23
510,23
511,23
511,16
511,17
511,18
511,19
511,20
511,21
511,22
511,23
503,16
504,16
505,16
506,16
507,16
508,16
509,16
510,16
511,16
503,13
503,14
503,15
503,16
472,136
472,137
472,136
472,137
472,137
473,137
474,137
474,134
474,135
474,136
474,137
474,134
474,135
474,136
474,137
474,137
475,137
476,137
476,127
476,128
476,129
476,130
476,131
476,132
476,133
476,134
476,135
476,136
476,137
476,127
476,128
476,129
476,130
476,131
476,132
476,133
476,134
476,135
476,136
476,137
476,137
477,137
478,137
478,129
478,130
478,131
478,132
478,133
478,134
478,135
478,136
478,137
478,129
478,130
478,131
478,132
478,133
478,134
478,135
478,136
478,137
478,137
479,137
480,137
480,132
480,133
480,134
480,135
480,136
480,137
480,132
480,133
480,134
480,135
480,136
480,137
469,115
469,116
469,117
469,118
469,119
466,119
467,119
468,119
469,119
466,119
466,120
466,121
466,122
466,123
466,124
466,124
467,124
468,124
469,124
470,124
471,124
472,124
473,124
474,124
475,124
476,124
476,119
476,120
476,121
476,122
476,123
476,124
472,119
473,119
474,119
475,119
476,119
472,115
472,116
472,117
472,118
472,119
475,60
475,61
475,62
475,63
475,64
475,65
475,60
475,61
475,62
475,63
475,64
475,65
475,65
476,65
477,65
477,58
477,59
477,60
477,61
477,62
477,63
477,64
477,65
477,58
477,59
477,60
477,61
477,62
477,63
477,64
477,65
477,65
478,65
479,65
479,57
479,58
479,59
479,60
479,61
479,62
479,63
479,64
479,65
479,57
479,58
479,59
479,60
479,61
479,62
479,63
479,64
479,65
479,65
480,65
481,65
481,60
481,61
481,62
481,63
481,64
481,65
481,60
481,61
481,62
481,63
481,64
481,65
481,65
482,65
483,65
483,55
483,56
483,57
483,58
483,59
483,60
483,61
483,62
483,63
483,64
483,65
483,55
483,56
483,57
483,58
483,59
483,60
483,61
483,62
483,63
483,64
483,65
483,65
484,65
485,65
485,64
485,65
485,64
485,65
485,65
486,65
487,65
487,64
487,65
487,64
487,65
487,65
488,65
489,65
489,60
489,61
489,62
489,63
489,64
489,65
489,60
489,61
489,62
489,63
489,64
489,65
489,65
490,65
491,65
491,63
491,64
491,65
491,63
491,64
491,65
491,65
492,65
493,65
493,64
493,65
493,64
493,65
475,60
475,61
475,62
475,63
475,64
475,65
475,60
475,61
475,62
475,63
475,64
475,65
475,65
476,65
477,65
477,58
477,59
477,60
477,61
477,62
477,63
477,64
477,65
477,58
477,59
477,60
477,61
477,62
477,63
477,64
477,65
477,65
478,65
479,65
479,57
479,58
479,59
479,60
479,61
479,62
479,63
479,64
479,65
479,57
479,58
479,59
479,60
479,61
479,62
479,63
479,64
479,65
479,65
480,65
481,65
481,60
481,61
481,62
481,63
481,64
481,65
481,60
481,61
481,62
481,63
481,64
481,65
481,65
482,65
483,65
483,55
483,56
483,57
483,58
483,59
483,60
483,61
483,62
483,63
483,64
483,65
483,55
483,56
483,57
483,58
483,59
483,60
483,61
483,62
483,63
483,64
483,65
483,65
484,65
485,65
485,64
485,65
485,64
485,65
485,65
486,65
487,65
487,64
487,65
487,64
487,65
487,65
488,65
489,65
489,60
489,61
489,62
489,63
489,64
489,65
489,60
489,61
489,62
489,63
489,64
489,65
489,65
490,65
491,65
491,63
491,64
491,65
491,63
491,64
491,65
491,65
492,65
493,65
493,64
493,65
493,64
493,65
475,60
475,61
475,62
475,63
475,64
475,65
475,60
475,61
475,62
475,63
475,64
475,65
475,65
476,65
477,65
477,58
477,59
477,60
477,61
477,62
477,63
477,64
477,65
477,58
477,59
477,60
477,61
477,62
477,63
477,64
477,65
477,65
478,65
479,65
479,57
479,58
479,59
479,60
479,61
479,62
479,63
479,64
479,65
479,57
479,58
479,59
479,60
479,61
479,62
479,63
479,64
479,65
479,65
480,65
481,65
481,60
481,61
481,62
481,63
481,64
481,65
481,60
481,61
481,62
481,63
481,64
481,65
481,65
482,65
483,65
483,55
483,56
483,57
483,58
483,59
483,60
483,61
483,62
483,63
483,64
483,65
483,55
483,56
483,57
483,58
483,59
483,60
483,61
483,62
483,63
483,64
483,65
483,65
484,65
485,65
485,64
485,65
485,64
485,65
485,65
486,65
487,65
487,64
487,65
487,64
487,65
487,65
488,65
489,65
489,60
489,61
489,62
489,63
489,64
489,65
489,60
489,61
489,62
489,63
489,64
489,65
489,65
490,65
491,65
491,63
491,64
491,65
491,63
491,64
491,65
491,65
492,65
493,65
493,64
493,65
493,64
493,65
495,81
495,82
495,83
494,83
495,83
494,83
494,84
494,85
494,86
494,87
494,88
494,89
494,90
494,91
494,91
495,91
496,91
497,91
498,91
499,91
500,91
501,91
502,91
503,91
504,91
505,91
505,83
505,84
505,85
505,86
505,87
505,88
505,89
505,90
505,91
501,83
502,83
503,83
504,83
505,83
501,81
501,82
501,83
475,60
475,61
475,62
475,63
475,64
475,65
475,60
475,61
475,62
475,63
475,64
475,65
475,65
476,65
477,65
477,58
477,59
477,60
477,61
477,62
477,63
477,64
477,65
477,58
477,59
477,60
477,61
477,62
477,63
477,64
477,65
477,65
478,65
479,65
479,57
479,58
479,59
479,60
479,61
479,62
479,63
479,64
479,65
479,57
479,58
479,59
479,60
479,61
479,62
479,63
479,64
479,65
479,65
480,65
481,65
481,60
481,61
481,62
481,63
481,64
481,65
481,60
481,61
481,62
481,63
481,64
481,65
481,65
482,65
483,65
483,55
483,56
483,57
483,58
483,59
483,60
483,61
483,62
483,63
483,64
483,65
483,55
483,56
483,57
483,58
483,59
483,60
483,61
483,62
483,63
483,64
483,65
483,65
484,65
485,65
485,64
485,65
485,64
485,65
485,65
486,65
487,65
487,64
487,65
487,64
487,65
487,65
488,65
489,65
489,60
489,61
489,62
489,63
489,64
489,65
489,60
489,61
489,62
489,63
489,64
489,65
489,65
490,65
491,65
491,63
491,64
491,65
491,63
491,64
491,65
491,65
492,65
493,65
493,64
493,65
493,64
493,65
498,13
498,14
498,15
498,16
490,16
491,16
492,16
493,16
494,16
495,16
496,16
497,16
498,16
490,16
490,17
490,18
490,19
490,20
490,21
490,22
490,23
490,23
491,23
492,23
493,23
494,23
495,23
496,23
497,23
498,23
499,23
500,23
501,23
502,23
503,23
504,23
505,23
506,23
507,23
508,23
509,23
510,23
511,23
511,16
511,17
511,18
511,19
511,20
511,21
511,22
511,23
503,16
504,16
505,16
506,16
507,16
508,16
509,16
510,16
511,16
503,13
503,14
503,15
503,16
498,13
498,14
498,15
498,16
490,16
491,16
492,16
493,16
494,16
495,16
496,16
497,16
498,16
490,16
490,17
490,18
490,19
490,20
490,21
490,22
490,23
490,23
491,23
492,23
493,23
494,23
495,23
496,23
497,23
498,23
499,23
500,23
501,23
502,23
503,23
504,23
505,23
506,23
507,23
508,23
509,23
510,23
511,23
511,16
511,17
511,18
511,19
511,20
511,21
511,22
511,23
503,16
504,16
505,16
506,16
507,16
508,16
509,16
510,16
511,16
503,13
503,14
503,15
503,16
478,106
478,107
478,108
472,108
473,108
474,108
475,108
476,108
477,108
478,108
472,108
472,109
472,110
472,111
472,112
472,112
473,112
474,112
475,112
476,112
477,112
478,112
479,112
480,112
481,112
482,112
483,112
484,112
485,112
486,112
487,112
488,112
489,112
489,108
489,109
489,110
489,111
489,112
483,108
484,108
485,108
486,108
487,108
488,108
489,108
483,106
483,107
483,108
465,44
465,45
465,46
465,47
465,48
465,49
465,50
465,51
465,52
465,44
465,45
465,46
465,47
465,48
465,49
465,50
465,51
465,52
465,52
466,52
467,52
467,51
467,52
467,51
467,52
467,52
468,52
469,52
469,44
469,45
469,46
469,47
469,48
469,49
469,50
469,51
469,52
469,44
469,45
469,46
469,47
469,48
469,49
469,50
469,51
469,52
469,52
470,52
471,52
471,51
471,52
471,51
471,52
471,52
472,52
473,52
473,50
473,51
473,52
473,50
473,51
473,52
473,52
474,52
475,52
475,44
475,45
475,46
475,47
475,48
475,49
475,50
475,51
475,52
475,44
475,45
475,46
475,47
475,48
475,49
475,50
475,51
475,52
475,52
476,52
477,52
477,44
477,45
477,46
477,47
477,48
477,49
477,50
477,51
477,52
477,44
477,45
477,46
477,47
477,48
477,49
477,50
477,51
477,52
477,52
478,52
479,52
479,43
479,44
479,45
479,46
479,47
479,48
479,49
479,50
479,51
479,52
479,43
479,44
479,45
479,46
479,47
479,48
479,49
479,50
479,51
479,52
479,52
480,52
481,52
481,48
481,49
481,50
481,51
481,52
481,48
481,49
481,50
481,51
481,52
481,52
482,52
483,52
483,46
483,47
483,48
483,49
483,50
483,51
483,52
483,46
483,47
483,48
483,49
483,50
483,51
483,52
469,115
469,116
469,117
469,118
469,119
466,119
467,119
468,119
469,119
466,119
466,120
466,121
466,122
466,123
466,124
466,124
467,124
468,124
469,124
470,124
471,124
472,124
473,124
474,124
475,124
476,124
476,119
476,120
476,121
476,122
476,123
476,124
472,119
473,119
474,119
475,119
476,119
472,115
472,116
472,117
472,118
472,119
465,44
465,45
465,46
465,47
465,48
465,49
465,50
465,51
465,52
465,44
465,45
465,46
465,47
465,48
465,49
465,50
465,51
465,52
465,52
466,52
467,52
467,51
467,52
467,51
467,52
467,52
468,52
469,52
469,44
469,45
469,46
469,47
469,48
469,49
469,50
469,51
469,52
469,44
469,45
469,46
469,47
469,48
469,49
469,50
469,51
469,52
469,52
470,52
471,52
471,51
471,52
471,51
471,52
471,52
472,52
473,52
473,50
473,51
473,52
473,50
473,51
473,52
473,52
474,52
475,52
475,44
475,45
475,46
475,47
475,48
475,49
475,50
475,51
475,52
475,44
475,45
475,46
475,47
475,48
475,49
475,50
475,51
475,52
475,52
476,52
477,52
477,44
477,45
477,46
477,47
477,48
477,49
477,50
477,51
477,52
477,44
477,45
477,46
477,47
477,48
477,49
477,50
477,51
477,52
477,52
478,52
479,52
479,43
479,44
479,45
479,46
479,47
479,48
479,49
479,50
479,51
479,52
479,43
479,44
479,45
479,46
479,47
479,48
479,49
479,50
479,51
479,52
479,52
480,52
481,52
481,48
481,49
481,50
481,51
481,52
481,48
481,49
481,50
481,51
481,52
481,52
482,52
483,52
483,46
483,47
483,48
483,49
483,50
483,51
483,52
483,46
483,47
483,48
483,49
483,50
483,51
483,52
475,60
475,61
475,62
475,63
475,64
475,65
475,60
475,61
475,62
475,63
475,64
475,65
475,65
476,65
477,65
477,58
477,59
477,60
477,61
477,62
477,63
477,64
477,65
477,58
477,59
477,60
477,61
477,62
477,63
477,64
477,65
477,65
478,65
479,65
479,57
479,58
479,59
479,60
479,61
479,62
479,63
479,64
479,65
479,57
479,58
479,59
479,60
479,61
479,62
479,63
479,64
479,65
479,65
480,65
481,65
481,60
481,61
481,62
481,63
481,64
481,65
481,60
481,61
481,62
481,63
481,64
481,65
481,65
482,65
483,65
483,55
483,56
483,57
483,58
483,59
483,60
483,61
483,62
483,63
483,64
483,65
483,55
483,56
483,57
483,58
483,59
483,60
483,61
483,62
483,63
483,64
483,65
483,65
484,65
485,65
485,64
485,65
485,64
485,65
485,65
486,65
487,65
487,64
487,65
487,64
487,65
487,65
488,65
489,65
489,60
489,61
489,62
489,63
489,64
489,65
489,60
489,61
489,62
489,63
489,64
489,65
489,65
490,65
491,65
491,63
491,64
491,65
491,63
491,64
491,65
491,65
492,65
493,65
493,64
493,65
493,64
493,65
475,60
475,61
475,62
475,63
475,64
475,65
475,60
475,61
475,62
475,63
475,64
475,65
475,65
476,65
477,65
477,58
477,59
477,60
477,61
477,62
477,63
477,64
477,65
477,58
477,59
477,60
477,61
477,62
477,63
477,64
477,65
477,65
478,65
479,65
479,57
479,58
479,59
479,60
479,61
479,62
479,63
479,64
479,65
479,57
479,58
479,59
479,60
479,61
479,62
479,63
479,64
479,65
479,65
480,65
481,65
481,60
481,61
481,62
481,63
481,64
481,65
481,60
481,61
481,62
481,63
481,64
481,65
481,65
482,65
483,65
483,55
483,56
483,57
483,58
483,59
483,60
483,61
483,62
483,63
483,64
483,65
483,55
483,56
483,57
483,58
483,59
483,60
483,61
483,62
483,63
483,64
483,65
483,65
484,65
485,65
485,64
485,65
485,64
485,65
485,65
486,65
487,65
487,64
487,65
487,64
487,65
487,65
488,65
489,65
489,60
489,61
489,62
489,63
489,64
489,65
489,60
489,61
489,62
489,63
489,64
489,65
489,65
490,65
491,65
491,63
491,64
491,65
491,63
491,64
491,65
491,65
492,65
493,65
493,64
493,65
493,64
493,65
469,115
469,116
469,117
469,118
469,119
466,119
467,119
468,119
469,119
466,119
466,120
466,121
466,122
466,123
466,124
466,124
467,124
468,124
469,124
470,124
471,124
472,124
473,124
474,124
475,124
476,124
476,119
476,120
476,121
476,122
476,123
476,124
472,119
473,119
474,119
475,119
476,119
472,115
472,116
472,117
472,118
472,119
475,60
475,61
475,62
475,63
475,64
475,65
475,60
475,61
475,62
475,63
475,64
475,65
475,65
476,65
477,65
477,58
477,59
477,60
477,61
477,62
477,63
477,64
477,65
477,58
477,59
477,60
477,61
477,62
477,63
477,64
477,65
477,65
478,65
479,65
479,57
479,58
479,59
479,60
479,61
479,62
479,63
479,64
479,65
479,57
479,58
479,59
479,60
479,61
479,62
479,63
479,64
479,65
479,65
480,65
481,65
481,60
481,61
481,62
481,63
481,64
481,65
481,60
481,61
481,62
481,63
481,64
481,65
481,65
482,65
483,65
483,55
483,56
483,57
483,58
483,59
483,60
483,61
483,62
483,63
483,64
483,65
483,55
483,56
483,57
483,58
483,59
483,60
483,61
483,62
483,63
483,64
483,65
483,65
484,65
485,65
485,64
485,65
485,64
485,65
485,65
486,65
487,65
487,64
487,65
487,64
487,65
487,65
488,65
489,65
489,60
489,61
489,62
489,63
489,64
489,65
489,60
489,61
489,62
489,63
489,64
489,65
489,65
490,65
491,65
491,63
491,64
491,65
491,63
491,64
491,65
491,65
492,65
493,65
493,64
493,65
493,64
493,65
472,136
472,137
472,136
472,137
472,137
473,137
474,137
474,134
474,135
474,136
474,137
474,134
474,135
474,136
474,137
474,137
475,137
476,137
476,127
476,128
476,129
476,130
476,131
476,132
476,133
476,134
476,135
476,136
476,137
476,127
476,128
476,129
476,130
476,131
476,132
476,133
476,134
476,135
476,136
476,137
476,137
477,137
478,137
478,129
478,130
478,131
478,132
478,133
478,134
478,135
478,136
478,137
478,129
478,130
478,131
478,132
478,133
478,134
478,135
478,136
478,137
478,137
479,137
480,137
480,132
480,133
480,134
480,135
480,136
480,137
480,132
480,133
480,134
480,135
480,136
480,137
475,60
475,61
475,62
475,63
475,64
475,65
475,60
475,61
475,62
475,63
475,64
475,65
475,65
476,65
477,65
477,58
477,59
477,60
477,61
477,62
477,63
477,64
477,65
477,58
477,59
477,60
477,61
477,62
477,63
477,64
477,65
477,65
478,65
479,65
479,57
479,58
479,59
479,60
479,61
479,62
479,63
479,64
479,65
479,57
479,58
479,59
479,60
479,61
479,62
479,63
479,64
479,65
479,65
480,65
481,65
481,60
481,61
481,62
481,63
481,64
481,65
481,60
481,61
481,62
481,63
481,64
481,65
481,65
482,65
483,65
483,55
483,56
483,57
483,58
483,59
483,60
483,61
483,62
483,63
483,64
483,65
483,55
483,56
483,57
483,58
483,59
483,60
483,61
483,62
483,63
483,64
483,65
483,65
484,65
485,65
485,64
485,65
485,64
485,65
485,65
486,65
487,65
487,64
487,65
487,64
487,65
487,65
488,65
489,65
489,60
489,61
489,62
489,63
489,64
489,65
489,60
489,61
489,62
489,63
489,64
489,65
489,65
490,65
491,65
491,63
491,64
491,65
491,63
491,64
491,65
491,65
492,65
493,65
493,64
493,65
493,64
493,65
475,60
475,61
475,62
475,63
475,64
475,65
475,60
475,61
475,62
475,63
475,64
475,65
475,65
476,65
477,65
477,58
477,59
477,60
477,61
477,62
477,63
477,64
477,65
477,58
477,59
477,60
477,61
477,62
477,63
477,64
477,65
477,65
478,65
479,65
479,57
479,58
479,59
479,60
479,61
479,62
479,63
479,64
479,65
479,57
479,58
479,59
479,60
479,61
479,62
479,63
479,64
479,65
479,65
480,65
481,65
481,60
481,61
481,62
481,63
481,64
481,65
481,60
481,61
481,62
481,63
481,64
481,65
481,65
482,65
483,65
483,55
483,56
483,57
483,58
483,59
483,60
483,61
483,62
483,63
483,64
483,65
483,55
483,56
483,57
483,58
483,59
483,60
483,61
483,62
483,63
483,64
483,65
483,65
484,65
485,65
485,64
485,65
485,64
485,65
485,65
486,65
487,65
487,64
487,65
487,64
487,65
487,65
488,65
489,65
489,60
489,61
489,62
489,63
489,64
489,65
489,60
489,61
489,62
489,63
489,64
489,65
489,65
490,65
491,65
491,63
491,64
491,65
491,63
491,64
491,65
491,65
492,65
493,65
493,64
493,65
493,64
493,65
495,70
496,70
497,70
498,70
499,70
475,60
475,61
475,62
475,63
475,64
475,65
475,60
475,61
475,62
475,63
475,64
475,65
475,65
476,65
477,65
477,58
477,59
477,60
477,61
477,62
477,63
477,64
477,65
477,58
477,59
477,60
477,61
477,62
477,63
477,64
477,65
477,65
478,65
479,65
479,57
479,58
479,59
479,60
479,61
479,62
479,63
479,64
479,65
479,57
479,58
479,59
479,60
479,61
479,62
479,63
479,64
479,65
479,65
480,65
481,65
481,60
481,61
481,62
481,63
481,64
481,65
481,60
481,61
481,62
481,63
481,64
481,65
481,65
482,65
483,65
483,55
483,56
483,57
483,58
483,59
483,60
483,61
483,62
483,63
483,64
483,65
483,55
483,56
483,57
483,58
483,59
483,60
483,61
483,62
483,63
483,64
483,65
483,65
484,65
485,65
485,64
485,65
485,64
485,65
485,65
486,65
487,65
487,64
487,65
487,64
487,65
487,65
488,65
489,65
489,60
489,61
489,62
489,63
489,64
489,65
489,60
489,61
489,62
489,63
489,64
489,65
489,65
490,65
491,65
491,63
491,64
491,65
491,63
491,64
491,65
491,65
492,65
493,65
493,64
493,65
493,64
493,65
472,146
473,146
474,146
475,146
476,146
477,146
465,44
465,45
465,46
465,47
465,48
465,49
465,50
465,51
465,52
465,44
465,45
465,46
465,47
465,48
465,49
465,50
465,51
465,52
465,52
466,52
467,52
467,51
467,52
467,51
467,52
467,52
468,52
469,52
469,44
469,45
469,46
469,47
469,48
469,49
469,50
469,51
469,52
469,44
469,45
469,46
469,47
469,48
469,49
469,50
469,51
469,52
469,52
470,52
471,52
471,51
471,52
471,51
471,52
471,52
472,52
473,52
473,50
473,51
473,52
473,50
473,51
473,52
473,52
474,52
475,52
475,44
475,45
475,46
475,47
475,48
475,49
475,50
475,51
475,52
475,44
475,45
475,46
475,47
475,48
475,49
475,50
475,51
475,52
475,52
476,52
477,52
477,44
477,45
477,46
477,47
477,48
477,49
477,50
477,51
477,52
477,44
477,45
477,46
477,47
477,48
477,49
477,50
477,51
477,52
477,52
478,52
479,52
479,43
479,44
479,45
479,46
479,47
479,48
479,49
479,50
479,51
479,52
479,43
479,44
479,45
479,46
479,47
479,48
479,49
479,50
479,51
479,52
479,52
480,52
481,52
481,48
481,49
481,50
481,51
481,52
481,48
481,49
481,50
481,51
481,52
481,52
482,52
483,52
483,46
483,47
483,48
483,49
483,50
483,51
483,52
483,46
483,47
483,48
483,49
483,50
483,51
483,52
468,158
468,159
468,160
468,161
468,162
468,158
468,159
468,160
468,161
468,162
468,162
469,162
470,162
470,159
470,160
470,161
470,162
470,159
470,160
470,161
470,162
470,162
471,162
472,162
472,156
472,157
472,158
472,159
472,160
472,161
472,162
472,156
472,157
472,158
472,159
472,160
472,161
472,162
472,162
473,162
474,162
474,157
474,158
474,159
474,160
474,161
474,162
474,157
474,158
474,159
474,160
474,161
474,162
474,162
475,162
476,162
476,152
476,153
476,154
476,155
476,156
476,157
476,158
476,159
476,160
476,161
476,162
476,152
476,153
476,154
476,155
476,156
476,157
476,158
476,159
476,160
476,161
476,162
476,162
477,162
478,162
478,158
478,159
478,160
478,161
478,162
478,158
478,159
478,160
478,161
478,162
478,162
479,162
480,162
480,155
480,156
480,157
480,158
480,159
480,160
480,161
480,162
480,155
480,156
480,157
480,158
480,159
480,160
480,161
480,162
478,140
479,140
480,140
481,140
482,140
483,140
481,32
482,32
483,32
484,32
485,32
475,60
475,61
475,62
475,63
475,64
475,65
475,60
475,61
475,62
475,63
475,64
475,65
475,65
476,65
477,65
477,58
477,59
477,60
477,61
477,62
477,63
477,64
477,65
477,58
477,59
477,60
477,61
477,62
477,63
477,64
477,65
477,65
478,65
479,65
479,57
479,58
479,59
479,60
479,61
479,62
479,63
479,64
479,65
479,57
479,58
479,59
479,60
479,61
479,62
479,63
479,64
479,65
479,65
480,65
481,65
481,60
481,61
481,62
481,63
481,64
481,65
481,60
481,61
481,62
481,63
481,64
481,65
481,65
482,65
483,65
483,55
483,56
483,57
483,58
483,59
483,60
483,61
483,62
483,63
483,64
483,65
483,55
483,56
483,57
483,58
483,59
483,60
483,61
483,62
483,63
483,64
483,65
483,65
484,65
485,65
485,64
485,65
485,64
485,65
485,65
486,65
487,65
487,64
487,65
487,64
487,65
487,65
488,65
489,65
489,60
489,61
489,62
489,63
489,64
489,65
489,60
489,61
489,62
489,63
489,64
489,65
489,65
490,65
491,65
491,63
491,64
491,65
491,63
491,64
491,65
491,65
492,65
493,65
493,64
493,65
493,64
493,65
478,106
478,107
478,108
472,108
473,108
474,108
475,108
476,108
477,108
478,108
472,108
472,109
472,110
472,111
472,112
472,112
473,112
474,112
475,112
476,112
477,112
478,112
479,112
480,112
481,112
482,112
483,112
484,112
485,112
486,112
487,112
488,112
489,112
489,108
489,109
489,110
489,111
489,112
483,108
484,108
485,108
486,108
487,108
488,108
489,108
483,106
483,107
483,108
469,115
469,116
469,117
469,118
469,119
466,119
467,119
468,119
469,119
466,119
466,120
466,121
466,122
466,123
466,124
466,124
467,124
468,124
469,124
470,124
471,124
472,124
473,124
474,124
475,124
476,124
476,119
476,120
476,121
476,122
476,123
476,124
472,119
473,119
474,119
475,119
476,119
472,115
472,116
472,117
472,118
472,119
483,149
484,149
485,149
486,149
487,149
488,149
496,35
497,35
498,35
499,35
500,35
465,44
465,45
465,46
465,47
465,48
465,49
465,50
465,51
465,52
465,44
465,45
465,46
465,47
465,48
465,49
465,50
465,51
465,52
465,52
466,52
467,52
467,51
467,52
467,51
467,52
467,52
468,52
469,52
469,44
469,45
469,46
469,47
469,48
469,49
469,50
469,51
469,52
469,44
469,45
469,46
469,47
469,48
469,49
469,50
469,51
469,52
469,52
470,52
471,52
471,51
471,52
471,51
471,52
471,52
472,52
473,52
473,50
473,51
473,52
473,50
473,51
473,52
473,52
474,52
475,52
475,44
475,45
475,46
475,47
475,48
475,49
475,50
475,51
475,52
475,44
475,45
475,46
475,47
475,48
475,49
475,50
475,51
475,52
475,52
476,52
477,52
477,44
477,45
477,46
477,47
477,48
477,49
477,50
477,51
477,52
477,44
477,45
477,46
477,47
477,48
477,49
477,50
477,51
477,52
477,52
478,52
479,52
479,43
479,44
479,45
479,46
479,47
479,48
479,49
479,50
479,51
479,52
479,43
479,44
479,45
479,46
479,47
479,48
479,49
479,50
479,51
479,52
479,52
480,52
481,52
481,48
481,49
481,50
481,51
481,52
481,48
481,49
481,50
481,51
481,52
481,52
482,52
483,52
483,46
483,47
483,48
483,49
483,50
483,51
483,52
483,46
483,47
483,48
483,49
483,50
483,51
483,52
469,115
469,116
469,117
469,118
469,119
466,119
467,119
468,119
469,119
466,119
466,120
466,121
466,122
466,123
466,124
466,124
467,124
468,124
469,124
470,124
471,124
472,124
473,124
474,124
475,124
476,124
476,119
476,120
476,121
476,122
476,123
476,124
472,119
473,119
474,119
475,119
476,119
472,115
472,116
472,117
472,118
472,119
499,77
499,78
499,78
500,78
501,78
502,78
503,78
504,78
505,78
506,78
507,78
508,78
509,78
509,77
509,78
478,106
478,107
478,108
472,108
473,108
474,108
475,108
476,108
477,108
478,108
472,108
472,109
472,110
472,111
472,112
472,112
473,112
474,112
475,112
476,112
477,112
478,112
479,112
480,112
481,112
482,112
483,112
484,112
485,112
486,112
487,112
488,112
489,112
489,108
489,109
489,110
489,111
489,112
483,108
484,108
485,108
486,108
487,108
488,108
489,108
483,106
483,107
483,108
468,158
468,159
468,160
468,161
468,162
468,158
468,159
468,160
468,161
468,162
468,162
469,162
470,162
470,159
470,160
470,161
470,162
470,159
470,160
470,161
470,162
470,162
471,162
472,162
472,156
472,157
472,158
472,159
472,160
472,161
472,162
472,156
472,157
472,158
472,159
472,160
472,161
472,162
472,162
473,162
474,162
474,157
474,158
474,159
474,160
474,161
474,162
474,157
474,158
474,159
474,160
474,161
474,162
474,162
475,162
476,162
476,152
476,153
476,154
476,155
476,156
476,157
476,158
476,159
476,160
476,161
476,162
476,152
476,153
476,154
476,155
476,156
476,157
476,158
476,159
476,160
476,161
476,162
476,162
477,162
478,162
478,158
478,159
478,160
478,161
478,162
478,158
478,159
478,160
478,161
478,162
478,162
479,162
480,162
480,155
480,156
480,157
480,158
480,159
480,160
480,161
480,162
480,155
480,156
480,157
480,158
480,159
480,160
480,161
480,162
492,68
493,68
494,68
495,68
496,68
468,158
468,159
468,160
468,161
468,162
468,158
468,159
468,160
468,161
468,162
468,162
469,162
470,162
470,159
470,160
470,161
470,162
470,159
470,160
470,161
470,162
470,162
471,162
472,162
472,156
472,157
472,158
472,159
472,160
472,161
472,162
472,156
472,157
472,158
472,159
472,160
472,161
472,162
472,162
473,162
474,162
474,157
474,158
474,159
474,160
474,161
474,162
474,157
474,158
474,159
474,160
474,161
474,162
474,162
475,162
476,162
476,152
476,153
476,154
476,155
476,156
476,157
476,158
476,159
476,160
476,161
476,162
476,152
476,153
476,154
476,155
476,156
476,157
476,158
476,159
476,160
476,161
476,162
476,162
477,162
478,162
478,158
478,159
478,160
478,161
478,162
478,158
478,159
478,160
478,161
478,162
478,162
479,162
480,162
480,155
480,156
480,157
480,158
480,159
480,160
480,161
480,162
480,155
480,156
480,157
480,158
480,159
480,160
480,161
480,162
486,146
487,146
488,146
489,146
490,146
491,146
476,38
476,39
476,39
477,39
478,39
479,39
480,39
481,39
482,39
483,39
484,39
484,38
484,39
469,149
470,149
471,149
472,149
473,149
474,149
465,44
465,45
465,46
465,47
465,48
465,49
465,50
465,51
465,52
465,44
465,45
465,46
465,47
465,48
465,49
465,50
465,51
465,52
465,52
466,52
467,52
467,51
467,52
467,51
467,52
467,52
468,52
469,52
469,44
469,45
469,46
469,47
469,48
469,49
469,50
469,51
469,52
469,44
469,45
469,46
469,47
469,48
469,49
469,50
469,51
469,52
469,52
470,52
471,52
471,51
471,52
471,51
471,52
471,52
472,52
473,52
473,50
473,51
473,52
473,50
473,51
473,52
473,52
474,52
475,52
475,44
475,45
475,46
475,47
475,48
475,49
475,50
475,51
475,52
475,44
475,45
475,46
475,47
475,48
475,49
475,50
475,51
475,52
475,52
476,52
477,52
477,44
477,45
477,46
477,47
477,48
477,49
477,50
477,51
477,52
477,44
477,45
477,46
477,47
477,48
477,49
477,50
477,51
477,52
477,52
478,52
479,52
479,43
479,44
479,45
479,46
479,47
479,48
479,49
479,50
479,51
479,52
479,43
479,44
479,45
479,46
479,47
479,48
479,49
479,50
479,51
479,52
479,52
480,52
481,52
481,48
481,49
481,50
481,51
481,52
481,48
481,49
481,50
481,51
481,52
481,52
482,52
483,52
483,46
483,47
483,48
483,49
483,50
483,51
483,52
483,46
483,47
483,48
483,49
483,50
483,51
483,52
468,158
468,159
468,160
468,161
468,162
468,158
468,159
468,160
468,161
468,162
468,162
469,162
470,162
470,159
470,160
470,161
470,162
470,159
470,160
470,161
470,162
470,162
471,162
472,162
472,156
472,157
472,158
472,159
472,160
472,161
472,162
472,156
472,157
472,158
472,159
472,160
472,161
472,162
472,162
473,162
474,162
474,157
474,158
474,159
474,160
474,161
474,162
474,157
474,158
474,159
474,160
474,161
474,162
474,162
475,162
476,162
476,152
476,153
476,154
476,155
476,156
476,157
476,158
476,159
476,160
476,161
476,162
476,152
476,153
476,154
476,155
476,156
476,157
476,158
476,159
476,160
476,161
476,162
476,162
477,162
478,162
478,158
478,159
478,160
478,161
478,162
478,158
478,159
478,160
478,161
478,162
478,162
479,162
480,162
480,155
480,156
480,157
480,158
480,159
480,160
480,161
480,162
480,155
480,156
480,157
480,158
480,159
480,160
480,161
480,162
465,44
465,45
465,46
465,47
465,48
465,49
465,50
465,51
465,52
465,44
465,45
465,46
465,47
465,48
465,49
465,50
465,51
465,52
465,52
466,52
467,52
467,51
467,52
467,51
467,52
467,52
468,52
469,52
469,44
469,45
469,46
469,47
469,48
469,49
469,50
469,51
469,52
469,44
469,45
469,46
469,47
469,48
469,49
469,50
469,51
469,52
469,52
470,52
471,52
471,51
471,52
471,51
471,52
471,52
472,52
473,52
473,50
473,51
473,52
473,50
473,51
473,52
473,52
474,52
475,52
475,44
475,45
475,46
475,47
475,48
475,49
475,50
475,51
475,52
475,44
475,45
475,46
475,47
475,48
475,49
475,50
475,51
475,52
475,52
476,52
477,52
477,44
477,45
477,46
477,47
477,48
477,49
477,50
477,51
477,52
477,44
477,45
477,46
477,47
477,48
477,49
477,50
477,51
477,52
477,52
478,52
479,52
479,43
479,44
479,45
479,46
479,47
479,48
479,49
479,50
479,51
479,52
479,43
479,44
479,45
479,46
479,47
479,48
479,49
479,50
479,51
479,52
479,52
480,52
481,52
481,48
481,49
481,50
481,51
481,52
481,48
481,49
481,50
481,51
481,52
481,52
482,52
483,52
483,46
483,47
483,48
483,49
483,50
483,51
483,52
483,46
483,47
483,48
483,49
483,50
483,51
483,52
479,146
480,146
481,146
482,146
483,146
484,146
472,136
472,137
472,136
472,137
472,137
473,137
474,137
474,134
474,135
474,136
474,137
474,134
474,135
474,136
474,137
474,137
475,137
476,137
476,127
476,128
476,129
476,130
476,131
476,132
476,133
476,134
476,135
476,136
476,137
476,127
476,128
476,129
476,130
476,131
476,132
476,133
476,134
476,135
476,136
476,137
476,137
477,137
478,137
478,129
478,130
478,131
478,132
478,133
478,134
478,135
478,136
478,137
478,129
478,130
478,131
478,132
478,133
478,134
478,135
478,136
478,137
478,137
479,137
480,137
480,132
480,133
480,134
480,135
480,136
480,137
480,132
480,133
480,134
480,135
480,136
480,137
465,44
465,45
465,46
465,47
465,48
465,49
465,50
465,51
465,52
465,44
465,45
465,46
465,47
465,48
465,49
465,50
465,51
465,52
465,52
466,52
467,52
467,51
467,52
467,51
467,52
467,52
468,52
469,52
469,44
469,45
469,46
469,47
469,48
469,49
469,50
469,51
469,52
469,44
469,45
469,46
469,47
469,48
469,49
469,50
469,51
469,52
469,52
470,52
471,52
471,51
471,52
471,51
471,52
471,52
472,52
473,52
473,50
473,51
473,52
473,50
473,51
473,52
473,52
474,52
475,52
475,44
475,45
475,46
475,47
475,48
475,49
475,50
475,51
475,52
475,44
475,45
475,46
475,47
475,48
475,49
475,50
475,51
475,52
475,52
476,52
477,52
477,44
477,45
477,46
477,47
477,48
477,49
477,50
477,51
477,52
477,44
477,45
477,46
477,47
477,48
477,49
477,50
477,51
477,52
477,52
478,52
479,52
479,43
479,44
479,45
479,46
479,47
479,48
479,49
479,50
479,51
479,52
479,43
479,44
479,45
479,46
479,47
479,48
479,49
479,50
479,51
479,52
479,52
480,52
481,52
481,48
481,49
481,50
481,51
481,52
481,48
481,49
481,50
481,51
481,52
481,52
482,52
483,52
483,46
483,47
483,48
483,49
483,50
483,51
483,52
483,46
483,47
483,48
483,49
483,50
483,51
483,52
495,81
495,82
495,83
494,83
495,83
494,83
494,84
494,85
494,86
494,87
494,88
494,89
494,90
494,91
494,91
495,91
496,91
497,91
498,91
499,91
500,91
501,91
502,91
503,91
504,91
505,91
505,83
505,84
505,85
505,86
505,87
505,88
505,89
505,90
505,91
501,83
502,83
503,83
504,83
505,83
501,81
501,82
501,83
472,136
472,137
472,136
472,137
472,137
473,137
474,137
474,134
474,135
474,136
474,137
474,134
474,135
474,136
474,137
474,137
475,137
476,137
476,127
476,128
476,129
476,130
476,131
476,132
476,133
476,134
476,135
476,136
476,137
476,127
476,128
476,129
476,130
476,131
476,132
476,133
476,134
476,135
476,136
476,137
476,137
477,137
478,137
478,129
478,130
478,131
478,132
478,133
478,134
478,135
478,136
478,137
478,129
478,130
478,131
478,132
478,133
478,134
478,135
478,136
478,137
478,137
479,137
480,137
480,132
480,133
480,134
480,135
480,136
480,137
480,132
480,133
480,134
480,135
480,136
480,137
472,136
472,137
472,136
472,137
472,137
473,137
474,137
474,134
474,135
474,136
474,137
474,134
474,135
474,136
474,137
474,137
475,137
476,137
476,127
476,128
476,129
476,130
476,131
476,132
476,133
476,134
476,135
476,136
476,137
476,127
476,128
476,129
476,130
476,131
476,132
476,133
476,134
476,135
476,136
476,137
476,137
477,137
478,137
478,129
478,130
478,131
478,132
478,133
478,134
478,135
478,136
478,137
478,129
478,130
478,131
478,132
478,133
478,134
478,135
478,136
478,137
478,137
479,137
480,137
480,132
480,133
480,134
480,135
480,136
480,137
480,132
480,133
480,134
480,135
480,136
480,137
465,44
465,45
465,46
465,47
465,48
465,49
465,50
465,51
465,52
465,44
465,45
465,46
465,47
465,48
465,49
465,50
465,51
465,52
465,52
466,52
467,52
467,51
467,52
467,51
467,52
467,52
468,52
469,52
469,44
469,45
469,46
469,47
469,48
469,49
469,50
469,51
469,52
469,44
469,45
469,46
469,47
469,48
469,49
469,50
469,51
469,52
469,52
470,52
471,52
471,51
471,52
471,51
471,52
471,52
472,52
473,52
473,50
473,51
473,52
473,50
473,51
473,52
473,52
474,52
475,52
475,44
475,45
475,46
475,47
475,48
475,49
475,50
475,51
475,52
475,44
475,45
475,46
475,47
475,48
475,49
475,50
475,51
475,52
475,52
476,52
477,52
477,44
477,45
477,46
477,47
477,48
477,49
477,50
477,51
477,52
477,44
477,45
477,46
477,47
477,48
477,49
477,50
477,51
477,52
477,52
478,52
479,52
479,43
479,44
479,45
479,46
479,47
479,48
479,49
479,50
479,51
479,52
479,43
479,44
479,45
479,46
479,47
479,48
479,49
479,50
479,51
479,52
479,52
480,52
481,52
481,48
481,49
481,50
481,51
481,52
481,48
481,49
481,50
481,51
481,52
481,52
482,52
483,52
483,46
483,47
483,48
483,49
483,50
483,51
483,52
483,46
483,47
483,48
483,49
483,50
483,51
483,52
468,158
468,159
468,160
468,161
468,162
468,158
468,159
468,160
468,161
468,162
468,162
469,162
470,162
470,159
470,160
470,161
470,162
470,159
470,160
470,161
470,162
470,162
471,162
472,162
472,156
472,157
472,158
472,159
472,160
472,161
472,162
472,156
472,157
472,158
472,159
472,160
472,161
472,162
472,162
473,162
474,162
474,157
474,158
474,159
474,160
474,161
474,162
474,157
474,158
474,159
474,160
474,161
474,162
474,162
475,162
476,162
476,152
476,153
476,154
476,155
476,156
476,157
476,158
476,159
476,160
476,161
476,162
476,152
476,153
476,154
476,155
476,156
476,157
476,158
476,159
476,160
476,161
476,162
476,162
477,162
478,162
478,158
478,159
478,160
478,161
478,162
478,158
478,159
478,160
478,161
478,162
478,162
479,162
480,162
480,155
480,156
480,157
480,158
480,159
480,160
480,161
480,162
480,155
480,156
480,157
480,158
480,159
480,160
480,161
480,162
465,44
465,45
465,46
465,47
465,48
465,49
465,50
465,51
465,52
465,44
465,45
465,46
465,47
465,48
465,49
465,50
465,51
465,52
465,52
466,52
467,52
467,51
467,52
467,51
467,52
467,52
468,52
469,52
469,44
469,45
469,46
469,47
469,48
469,49
469,50
469,51
469,52
469,44
469,45
469,46
469,47
469,48
469,49
469,50
469,51
469,52
469,52
470,52
471,52
471,51
471,52
471,51
471,52
471,52
472,52
473,52
473,50
473,51
473,52
473,50
473,51
473,52
473,52
474,52
475,52
475,44
475,45
475,46
475,47
475,48
475,49
475,50
475,51
475,52
475,44
475,45
475,46
475,47
475,48
475,49
475,50
475,51
475,52
475,52
476,52
477,52
477,44
477,45
477,46
477,47
477,48
477,49
477,50
477,51
477,52
477,44
477,45
477,46
477,47
477,48
477,49
477,50
477,51
477,52
477,52
478,52
479,52
479,43
479,44
479,45
479,46
479,47
479,48
479,49
479,50
479,51
479,52
479,43
479,44
479,45
479,46
479,47
479,48
479,49
479,50
479,51
479,52
479,52
480,52
481,52
481,48
481,49
481,50
481,51
481,52
481,48
481,49
481,50
481,51
481,52
481,52
482,52
483,52
483,46
483,47
483,48
483,49
483,50
483,51
483,52
483,46
483,47
483,48
483,49
483,50
483,51
483,52
472,136
472,137
472,136
472,137
472,137
473,137
474,137
474,134
474,135
474,136
474,137
474,134
474,135
474,136
474,137
474,137
475,137
476,137
476,127
476,128
476,129
476,130
476,131
476,132
476,133
476,134
476,135
476,136
476,137
476,127
476,128
476,129
476,130
476,131
476,132
476,133
476,134
476,135
476,136
476,137
476,137
477,137
478,137
478,129
478,130
478,131
478,132
478,133
478,134
478,135
478,136
478,137
478,129
478,130
478,131
478,132
478,133
478,134
478,135
478,136
478,137
478,137
479,137
480,137
480,132
480,133
480,134
480,135
480,136
480,137
480,132
480,133
480,134
480,135
480,136
480,137
475,60
475,61
475,62
475,63
475,64
475,65
475,60
475,61
475,62
475,63
475,64
475,65
475,65
476,65
477,65
477,58
477,59
477,60
477,61
477,62
477,63
477,64
477,65
477,58
477,59
477,60
477,61
477,62
477,63
477,64
477,65
477,65
478,65
479,65
479,57
479,58
479,59
479,60
479,61
479,62
479,63
479,64
479,65
479,57
479,58
479,59
479,60
479,61
479,62
479,63
479,64
479,65
479,65
480,65
481,65
481,60
481,61
481,62
481,63
481,64
481,65
481,60
481,61
481,62
481,63
481,64
481,65
481,65
482,65
483,65
483,55
483,56
483,57
483,58
483,59
483,60
483,61
483,62
483,63
483,64
483,65
483,55
483,56
483,57
483,58
483,59
483,60
483,61
483,62
483,63
483,64
483,65
483,65
484,65
485,65
485,64
485,65
485,64
485,65
485,65
486,65
487,65
487,64
487,65
487,64
487,65
487,65
488,65
489,65
489,60
489,61
489,62
489,63
489,64
489,65
489,60
489,61
489,62
489,63
489,64
489,65
489,65
490,65
491,65
491,63
491,64
491,65
491,63
491,64
491,65
491,65
492,65
493,65
493,64
493,65
493,64
493,65
475,60
475,61
475,62
475,63
475,64
475,65
475,60
475,61
475,62
475,63
475,64
475,65
475,65
476,65
477,65
477,58
477,59
477,60
477,61
477,62
477,63
477,64
477,65
477,58
477,59
477,60
477,61
477,62
477,63
477,64
477,65
477,65
478,65
479,65
479,57
479,58
479,59
479,60
479,61
479,62
479,63
479,64
479,65
479,57
479,58
479,59
479,60
479,61
479,62
479,63
479,64
479,65
479,65
480,65
481,65
481,60
481,61
481,62
481,63
481,64
481,65
481,60
481,61
481,62
481,63
481,64
481,65
481,65
482,65
483,65
483,55
483,56
483,57
483,58
483,59
483,60
483,61
483,62
483,63
483,64
483,65
483,55
483,56
483,57
483,58
483,59
483,60
483,61
483,62
483,63
483,64
483,65
483,65
484,65
485,65
485,64
485,65
485,64
485,65
485,65
486,65
487,65
487,64
487,65
487,64
487,65
487,65
488,65
489,65
489,60
489,61
489,62
489,63
489,64
489,65
489,60
489,61
489,62
489,63
489,64
489,65
489,65
490,65
491,65
491,63
491,64
491,65
491,63
491,64
491,65
491,65
492,65
493,65
493,64
493,65
493,64
493,65
468,158
468,159
468,160
468,161
468,162
468,158
468,159
468,160
468,161
468,162
468,162
469,162
470,162
470,159
470,160
470,161
470,162
470,159
470,160
470,161
470,162
470,162
471,162
472,162
472,156
472,157
472,158
472,159
472,160
472,161
472,162
472,156
472,157
472,158
472,159
472,160
472,161
472,162
472,162
473,162
474,162
474,157
474,158
474,159
474,160
474,161
474,162
474,157
474,158
474,159
474,160
474,161
474,162
474,162
475,162
476,162
476,152
476,153
476,154
476,155
476,156
476,157
476,158
476,159
476,160
476,161
476,162
476,152
476,153
476,154
476,155
476,156
476,157
476,158
476,159
476,160
476,161
476,162
476,162
477,162
478,162
478,158
478,159
478,160
478,161
478,162
478,158
478,159
478,160
478,161
478,162
478,162
479,162
480,162
480,155
480,156
480,157
480,158
480,159
480,160
480,161
480,162
480,155
480,156
480,157
480,158
480,159
480,160
480,161
480,162
465,44
465,45
465,46
465,47
465,48
465,49
465,50
465,51
465,52
465,44
465,45
465,46
465,47
465,48
465,49
465,50
465,51
465,52
465,52
466,52
467,52
467,51
467,52
467,51
467,52
467,52
468,52
469,52
469,44
469,45
469,46
469,47
469,48
469,49
469,50
469,51
469,52
469,44
469,45
469,46
469,47
469,48
469,49
469,50
469,51
469,52
469,52
470,52
471,52
471,51
471,52
471,51
471,52
471,52
472,52
473,52
473,50
473,51
473,52
473,50
473,51
473,52
473,52
474,52
475,52
475,44
475,45
475,46
475,47
475,48
475,49
475,50
475,51
475,52
475,44
475,45
475,46
475,47
475,48
475,49
475,50
475,51
475,52
475,52
476,52
477,52
477,44
477,45
477,46
477,47
477,48
477,49
477,50
477,51
477,52
477,44
477,45
477,46
477,47
477,48
477,49
477,50
477,51
477,52
477,52
478,52
479,52
479,43
479,44
479,45
479,46
479,47
479,48
479,49
479,50
479,51
479,52
479,43
479,44
479,45
479,46
479,47
479,48
479,49
479,50
479,51
479,52
479,52
480,52
481,52
481,48
481,49
481,50
481,51
481,52
481,48
481,49
481,50
481,51
481,52
481,52
482,52
483,52
483,46
483,47
483,48
483,49
483,50
483,51
483,52
483,46
483,47
483,48
483,49
483,50
483,51
483,52
495,81
495,82
495,83
494,83
495,83
494,83
494,84
494,85
494,86
494,87
494,88
494,89
494,90
494,91
494,91
495,91
496,91
497,91
498,91
499,91
500,91
501,91
502,91
503,91
504,91
505,91
505,83
505,84
505,85
505,86
505,87
505,88
505,89
505,90
505,91
501,83
502,83
503,83
504,83
505,83
501,81
501,82
501,83
472,136
472,137
472,136
472,137
472,137
473,137
474,137
474,134
474,135
474,136
474,137
474,134
474,135
474,136
474,137
474,137
475,137
476,137
476,127
476,128
476,129
476,130
476,131
476,132
476,133
476,134
476,135
476,136
476,137
476,127
476,128
476,129
476,130
476,131
476,132
476,133
476,134
476,135
476,136
476,137
476,137
477,137
478,137
478,129
478,130
478,131
478,132
478,133
478,134
478,135
478,136
478,137
478,129
478,130
478,131
478,132
478,133
478,134
478,135
478,136
478,137
478,137
479,137
480,137
480,132
480,133
480,134
480,135
480,136
480,137
480,132
480,133
480,134
480,135
480,136
480,137
498,13
498,14
498,15
498,16
490,16
491,16
492,16
493,16
494,16
495,16
496,16
497,16
498,16
490,16
490,17
490,18
490,19
490,20
490,21
490,22
490,23
490,23
491,23
492,23
493,23
494,23
495,23
496,23
497,23
498,23
499,23
500,23
501,23
502,23
503,23
504,23
505,23
506,23
507,23
508,23
509,23
510,23
511,23
511,16
511,17
511,18
511,19
511,20
511,21
511,22
511,23
503,16
504,16
505,16
506,16
507,16
508,16
509,16
510,16
511,16
503,13
503,14
503,15
503,16
475,60
475,61
475,62
475,63
475,64
475,65
475,60
475,61
475,62
475,63
475,64
475,65
475,65
476,65
477,65
477,58
477,59
477,60
477,61
477,62
477,63
477,64
477,65
477,58
477,59
477,60
477,61
477,62
477,63
477,64
477,65
477,65
478,65
479,65
479,57
479,58
479,59
479,60
479,61
479,62
479,63
479,64
479,65
479,57
479,58
479,59
479,60
479,61
479,62
479,63
479,64
479,65
479,65
480,65
481,65
481,60
481,61
481,62
481,63
481,64
481,65
481,60
481,61
481,62
481,63
481,64
481,65
481,65
482,65
483,65
483,55
483,56
483,57
483,58
483,59
483,60
483,61
483,62
483,63
483,64
483,65
483,55
483,56
483,57
483,58
483,59
483,60
483,61
483,62
483,63
483,64
483,65
483,65
484,65
485,65
485,64
485,65
485,64
485,65
485,65
486,65
487,65
487,64
487,65
487,64
487,65
487,65
488,65
489,65
489,60
489,61
489,62
489,63
489,64
489,65
489,60
489,61
489,62
489,63
489,64
489,65
489,65
490,65
491,65
491,63
491,64
491,65
491,63
491,64
491,65
491,65
492,65
493,65
493,64
493,65
493,64
493,65
472,136
472,137
472,136
472,137
472,137
473,137
474,137
474,134
474,135
474,136
474,137
474,134
474,135
474,136
474,137
474,137
475,137
476,137
476,127
476,128
476,129
476,130
476,131
476,132
476,133
476,134
476,135
476,136
476,137
476,127
476,128
476,129
476,130
476,131
476,132
476,133
476,134
476,135
476,136
476,137
476,137
477,137
478,137
478,129
478,130
478,131
478,132
478,133
478,134
478,135
478,136
478,137
478,129
478,130
478,131
478,132
478,133
478,134
478,135
478,136
478,137
478,137
479,137
480,137
480,132
480,133
480,134
480,135
480,136
480,137
480,132
480,133
480,134
480,135
480,136
480,137
475,60
475,61
475,62
475,63
475,64
475,65
475,60
475,61
475,62
475,63
475,64
475,65
475,65
476,65
477,65
477,58
477,59
477,60
477,61
477,62
477,63
477,64
477,65
477,58
477,59
477,60
477,61
477,62
477,63
477,64
477,65
477,65
478,65
479,65
479,57
479,58
479,59
479,60
479,61
479,62
479,63
479,64
479,65
479,57
479,58
479,59
479,60
479,61
479,62
479,63
479,64
479,65
479,65
480,65
481,65
481,60
481,61
481,62
481,63
481,64
481,65
481,60
481,61
481,62
481,63
481,64
481,65
481,65
482,65
483,65
483,55
483,56
483,57
483,58
483,59
483,60
483,61
483,62
483,63
483,64
483,65
483,55
483,56
483,57
483,58
483,59
483,60
483,61
483,62
483,63
483,64
483,65
483,65
484,65
485,65
485,64
485,65
485,64
485,65
485,65
486,65
487,65
487,64
487,65
487,64
487,65
487,65
488,65
489,65
489,60
489,61
489,62
489,63
489,64
489,65
489,60
489,61
489,62
489,63
489,64
489,65
489,65
490,65
491,65
491,63
491,64
491,65
491,63
491,64
491,65
491,65
492,65
493,65
493,64
493,65
493,64
493,65
458,165
458,166
458,166
459,166
460,166
461,166
462,166
463,166
464,166
465,166
466,166
467,166
468,166
469,166
470,166
471,166
472,166
473,166
473,165
473,166
469,115
469,116
469,117
469,118
469,119
466,119
467,119
468,119
469,119
466,119
466,120
466,121
466,122
466,123
466,124
466,124
467,124
468,124
469,124
470,124
471,124
472,124
473,124
474,124
475,124
476,124
476,119
476,120
476,121
476,122
476,123
476,124
472,119
473,119
474,119
475,119
476,119
472,115
472,116
472,117
472,118
472,119
486,72
487,72
488,72
489,72
490,72
468,158
468,159
468,160
468,161
468,162
468,158
468,159
468,160
468,161
468,162
468,162
469,162
470,162
470,159
470,160
470,161
470,162
470,159
470,160
470,161
470,162
470,162
471,162
472,162
472,156
472,157
472,158
472,159
472,160
472,161
472,162
472,156
472,157
472,158
472,159
472,160
472,161
472,162
472,162
473,162
474,162
474,157
474,158
474,159
474,160
474,161
474,162
474,157
474,158
474,159
474,160
474,161
474,162
474,162
475,162
476,162
476,152
476,153
476,154
476,155
476,156
476,157
476,158
476,159
476,160
476,161
476,162
476,152
476,153
476,154
476,155
476,156
476,157
476,158
476,159
476,160
476,161
476,162
476,162
477,162
478,162
478,158
478,159
478,160
478,161
478,162
478,158
478,159
478,160
478,161
478,162
478,162
479,162
480,162
480,155
480,156
480,157
480,158
480,159
480,160
480,161
480,162
480,155
480,156
480,157
480,158
480,159
480,160
480,161
480,162
465,44
465,45
465,46
465,47
465,48
465,49
465,50
465,51
465,52
465,44
465,45
465,46
465,47
465,48
465,49
465,50
465,51
465,52
465,52
466,52
467,52
467,51
467,52
467,51
467,52
467,52
468,52
469,52
469,44
469,45
469,46
469,47
469,48
469,49
469,50
469,51
469,52
469,44
469,45
469,46
469,47
469,48
469,49
469,50
469,51
469,52
469,52
470,52
471,52
471,51
471,52
471,51
471,52
471,52
472,52
473,52
473,50
473,51
473,52
473,50
473,51
473,52
473,52
474,52
475,52
475,44
475,45
475,46
475,47
475,48
475,49
475,50
475,51
475,52
475,44
475,45
475,46
475,47
475,48
475,49
475,50
475,51
475,52
475,52
476,52
477,52
477,44
477,45
477,46
477,47
477,48
477,49
477,50
477,51
477,52
477,44
477,45
477,46
477,47
477,48
477,49
477,50
477,51
477,52
477,52
478,52
479,52
479,43
479,44
479,45
479,46
479,47
479,48
479,49
479,50
479,51
479,52
479,43
479,44
479,45
479,46
479,47
479,48
479,49
479,50
479,51
479,52
479,52
480,52
481,52
481,48
481,49
481,50
481,51
481,52
481,48
481,49
481,50
481,51
481,52
481,52
482,52
483,52
483,46
483,47
483,48
483,49
483,50
483,51
483,52
483,46
483,47
483,48
483,49
483,50
483,51
483,52
475,60
475,61
475,62
475,63
475,64
475,65
475,60
475,61
475,62
475,63
475,64
475,65
475,65
476,65
477,65
477,58
477,59
477,60
477,61
477,62
477,63
477,64
477,65
477,58
477,59
477,60
477,61
477,62
477,63
477,64
477,65
477,65
478,65
479,65
479,57
479,58
479,59
479,60
479,61
479,62
479,63
479,64
479,65
479,57
479,58
479,59
479,60
479,61
479,62
479,63
479,64
479,65
479,65
480,65
481,65
481,60
481,61
481,62
481,63
481,64
481,65
481,60
481,61
481,62
481,63
481,64
481,65
481,65
482,65
483,65
483,55
483,56
483,57
483,58
483,59
483,60
483,61
483,62
483,63
483,64
483,65
483,55
483,56
483,57
483,58
483,59
483,60
483,61
483,62
483,63
483,64
483,65
483,65
484,65
485,65
485,64
485,65
485,64
485,65
485,65
486,65
487,65
487,64
487,65
487,64
487,65
487,65
488,65
489,65
489,60
489,61
489,62
489,63
489,64
489,65
489,60
489,61
489,62
489,63
489,64
489,65
489,65
490,65
491,65
491,63
491,64
491,65
491,63
491,64
491,65
491,65
492,65
493,65
493,64
493,65
493,64
493,65
468,158
468,159
468,160
468,161
468,162
468,158
468,159
468,160
468,161
468,162
468,162
469,162
470,162
470,159
470,160
470,161
470,162
470,159
470,160
470,161
470,162
470,162
471,162
472,162
472,156
472,157
472,158
472,159
472,160
472,161
472,162
472,156
472,157
472,158
472,159
472,160
472,161
472,162
472,162
473,162
474,162
474,157
474,158
474,159
474,160
474,161
474,162
474,157
474,158
474,159
474,160
474,161
474,162
474,162
475,162
476,162
476,152
476,153
476,154
476,155
476,156
476,157
476,158
476,159
476,160
476,161
476,162
476,152
476,153
476,154
476,155
476,156
476,157
476,158
476,159
476,160
476,161
476,162
476,162
477,162
478,162
478,158
478,159
478,160
478,161
478,162
478,158
478,159
478,160
478,161
478,162
478,162
479,162
480,162
480,155
480,156
480,157
480,158
480,159
480,160
480,161
480,162
480,155
480,156
480,157
480,158
480,159
480,160
480,161
480,162
491,96
492,96
493,96
494,96
495,96
496,96
497,96
498,96
499,96
500,96
501,96
501,95
501,96
475,143
476,143
477,143
478,143
479,143
480,143
498,72
499,72
500,72
501,72
502,72
472,136
472,137
472,136
472,137
472,137
473,137
474,137
474,134
474,135
474,136
474,137
474,134
474,135
474,136
474,137
474,137
475,137
476,137
476,127
476,128
476,129
476,130
476,131
476,132
476,133
476,134
476,135
476,136
476,137
476,127
476,128
476,129
476,130
476,131
476,132
476,133
476,134
476,135
476,136
476,137
476,137
477,137
478,137
478,129
478,130
478,131
478,132
478,133
478,134
478,135
478,136
478,137
478,129
478,130
478,131
478,132
478,133
478,134
478,135
478,136
478,137
478,137
479,137
480,137
480,132
480,133
480,134
480,135
480,136
480,137
480,132
480,133
480,134
480,135
480,136
480,137
465,44
465,45
465,46
465,47
465,48
465,49
465,50
465,51
465,52
465,44
465,45
465,46
465,47
465,48
465,49
465,50
465,51
465,52
465,52
466,52
467,52
467,51
467,52
467,51
467,52
467,52
468,52
469,52
469,44
469,45
469,46
469,47
469,48
469,49
469,50
469,51
469,52
469,44
469,45
469,46
469,47
469,48
469,49
469,50
469,51
469,52
469,52
470,52
471,52
471,51
471,52
471,51
471,52
471,52
472,52
473,52
473,50
473,51
473,52
473,50
473,51
473,52
473,52
474,52
475,52
475,44
475,45
475,46
475,47
475,48
475,49
475,50
475,51
475,52
475,44
475,45
475,46
475,47
475,48
475,49
475,50
475,51
475,52
475,52
476,52
477,52
477,44
477,45
477,46
477,47
477,48
477,49
477,50
477,51
477,52
477,44
477,45
477,46
477,47
477,48
477,49
477,50
477,51
477,52
477,52
478,52
479,52
479,43
479,44
479,45
479,46
479,47
479,48
479,49
479,50
479,51
479,52
479,43
479,44
479,45
479,46
479,47
479,48
479,49
479,50
479,51
479,52
479,52
480,52
481,52
481,48
481,49
481,50
481,51
481,52
481,48
481,49
481,50
481,51
481,52
481,52
482,52
483,52
483,46
483,47
483,48
483,49
483,50
483,51
483,52
483,46
483,47
483,48
483,49
483,50
483,51
483,52
495,81
495,82
495,83
494,83
495,83
494,83
494,84
494,85
494,86
494,87
494,88
494,89
494,90
494,91
494,91
495,91
496,91
497,91
498,91
499,91
500,91
501,91
502,91
503,91
504,91
505,91
505,83
505,84
505,85
505,86
505,87
505,88
505,89
505,90
505,91
501,83
502,83
503,83
504,83
505,83
501,81
501,82
501,83
468,158
468,159
468,160
468,161
468,162
468,158
468,159
468,160
468,161
468,162
468,162
469,162
470,162
470,159
470,160
470,161
470,162
470,159
470,160
470,161
470,162
470,162
471,162
472,162
472,156
472,157
472,158
472,159
472,160
472,161
472,162
472,156
472,157
472,158
472,159
472,160
472,161
472,162
472,162
473,162
474,162
474,157
474,158
474,159
474,160
474,161
474,162
474,157
474,158
474,159
474,160
474,161
474,162
474,162
475,162
476,162
476,152
476,153
476,154
476,155
476,156
476,157
476,158
476,159
476,160
476,161
476,162
476,152
476,153
476,154
476,155
476,156
476,157
476,158
476,159
476,160
476,161
476,162
476,162
477,162
478,162
478,158
478,159
478,160
478,161
478,162
478,158
478,159
478,160
478,161
478,162
478,162
479,162
480,162
480,155
480,156
480,157
480,158
480,159
480,160
480,161
480,162
480,155
480,156
480,157
480,158
480,159
480,160
480,161
480,162
465,44
465,45
465,46
465,47
465,48
465,49
465,50
465,51
465,52
465,44
465,45
465,46
465,47
465,48
465,49
465,50
465,51
465,52
465,52
466,52
467,52
467,51
467,52
467,51
467,52
467,52
468,52
469,52
469,44
469,45
469,46
469,47
469,48
469,49
469,50
469,51
469,52
469,44
469,45
469,46
469,47
469,48
469,49
469,50
469,51
469,52
469,52
470,52
471,52
471,51
471,52
471,51
471,52
471,52
472,52
473,52
473,50
473,51
473,52
473,50
473,51
473,52
473,52
474,52
475,52
475,44
475,45
475,46
475,47
475,48
475,49
475,50
475,51
475,52
475,44
475,45
475,46
475,47
475,48
475,49
475,50
475,51
475,52
475,52
476,52
477,52
477,44
477,45
477,46
477,47
477,48
477,49
477,50
477,51
477,52
477,44
477,45
477,46
477,47
477,48
477,49
477,50
477,51
477,52
477,52
478,52
479,52
479,43
479,44
479,45
479,46
479,47
479,48
479,49
479,50
479,51
479,52
479,43
479,44
479,45
479,46
479,47
479,48
479,49
479,50
479,51
479,52
479,52
480,52
481,52
481,48
481,49
481,50
481,51
481,52
481,48
481,49
481,50
481,51
481,52
481,52
482,52
483,52
483,46
483,47
483,48
483,49
483,50
483,51
483,52
483,46
483,47
483,48
483,49
483,50
483,51
483,52
476,38
476,39
476,39
477,39
478,39
479,39
480,39
481,39
482,39
483,39
484,39
484,38
484,39
475,60
475,61
475,62
475,63
475,64
475,65
475,60
475,61
475,62
475,63
475,64
475,65
475,65
476,65
477,65
477,58
477,59
477,60
477,61
477,62
477,63
477,64
477,65
477,58
477,59
477,60
477,61
477,62
477,63
477,64
477,65
477,65
478,65
479,65
479,57
479,58
479,59
479,60
479,61
479,62
479,63
479,64
479,65
479,57
479,58
479,59
479,60
479,61
479,62
479,63
479,64
479,65
479,65
480,65
481,65
481,60
481,61
481,62
481,63
481,64
481,65
481,60
481,61
481,62
481,63
481,64
481,65
481,65
482,65
483,65
483,55
483,56
483,57
483,58
483,59
483,60
483,61
483,62
483,63
483,64
483,65
483,55
483,56
483,57
483,58
483,59
483,60
483,61
483,62
483,63
483,64
483,65
483,65
484,65
485,65
485,64
485,65
485,64
485,65
485,65
486,65
487,65
487,64
487,65
487,64
487,65
487,65
488,65
489,65
489,60
489,61
489,62
489,63
489,64
489,65
489,60
489,61
489,62
489,63
489,64
489,65
489,65
490,65
491,65
491,63
491,64
491,65
491,63
491,64
491,65
491,65
492,65
493,65
493,64
493,65
493,64
493,65
472,136
472,137
472,136
472,137
472,137
473,137
474,137
474,134
474,135
474,136
474,137
474,134
474,135
474,136
474,137
474,137
475,137
476,137
476,127
476,128
476,129
476,130
476,131
476,132
476,133
476,134
476,135
476,136
476,137
476,127
476,128
476,129
476,130
476,131
476,132
476,133
476,134
476,135
476,136
476,137
476,137
477,137
478,137
478,129
478,130
478,131
478,132
478,133
478,134
478,135
478,136
478,137
478,129
478,130
478,131
478,132
478,133
478,134
478,135
478,136
478,137
478,137
479,137
480,137
480,132
480,133
480,134
480,135
480,136
480,137
480,132
480,133
480,134
480,135
480,136
480,137
478,35
479,35
480,35
481,35
482,35
490,29
491,29
492,29
493,29
494,29
495,81
495,82
495,83
494,83
495,83
494,83
494,84
494,85
494,86
494,87
494,88
494,89
494,90
494,91
494,91
495,91
496,91
497,91
498,91
499,91
500,91
501,91
502,91
503,91
504,91
505,91
505,83
505,84
505,85
505,86
505,87
505,88
505,89
505,90
505,91
501,83
502,83
503,83
504,83
505,83
501,81
501,82
501,83
468,158
468,159
468,160
468,161
468,162
468,158
468,159
468,160
468,161
468,162
468,162
469,162
470,162
470,159
470,160
470,161
470,162
470,159
470,160
470,161
470,162
470,162
471,162
472,162
472,156
472,157
472,158
472,159
472,160
472,161
472,162
472,156
472,157
472,158
472,159
472,160
472,161
472,162
472,162
473,162
474,162
474,157
474,158
474,159
474,160
474,161
474,162
474,157
474,158
474,159
474,160
474,161
474,162
474,162
475,162
476,162
476,152
476,153
476,154
476,155
476,156
476,157
476,158
476,159
476,160
476,161
476,162
476,152
476,153
476,154
476,155
476,156
476,157
476,158
476,159
476,160
476,161
476,162
476,162
477,162
478,162
478,158
478,159
478,160
478,161
478,162
478,158
478,159
478,160
478,161
478,162
478,162
479,162
480,162
480,155
480,156
480,157
480,158
480,159
480,160
480,161
480,162
480,155
480,156
480,157
480,158
480,159
480,160
480,161
480,162
475,60
475,61
475,62
475,63
475,64
475,65
475,60
475,61
475,62
475,63
475,64
475,65
475,65
476,65
477,65
477,58
477,59
477,60
477,61
477,62
477,63
477,64
477,65
477,58
477,59
477,60
477,61
477,62
477,63
477,64
477,65
477,65
478,65
479,65
479,57
479,58
479,59
479,60
479,61
479,62
479,63
479,64
479,65
479,57
479,58
479,59
479,60
479,61
479,62
479,63
479,64
479,65
479,65
480,65
481,65
481,60
481,61
481,62
481,63
481,64
481,65
481,60
481,61
481,62
481,63
481,64
481,65
481,65
482,65
483,65
483,55
483,56
483,57
483,58
483,59
483,60
483,61
483,62
483,63
483,64
483,65
483,55
483,56
483,57
483,58
483,59
483,60
483,61
483,62
483,63
483,64
483,65
483,65
484,65
485,65
485,64
485,65
485,64
485,65
485,65
486,65
487,65
487,64
487,65
487,64
487,65
487,65
488,65
489,65
489,60
489,61
489,62
489,63
489,64
489,65
489,60
489,61
489,62
489,63
489,64
489,65
489,65
490,65
491,65
491,63
491,64
491,65
491,63
491,64
491,65
491,65
492,65
493,65
493,64
493,65
493,64
493,65
458,165
458,166
458,166
459,166
460,166
461,166
462,166
463,166
464,166
465,166
466,166
467,166
468,166
469,166
470,166
471,166
472,166
473,166
473,165
473,166
472,136
472,137
472,136
472,137
472,137
473,137
474,137
474,134
474,135
474,136
474,137
474,134
474,135
474,136
474,137
474,137
475,137
476,137
476,127
476,128
476,129
476,130
476,131
476,132
476,133
476,134
476,135
476,136
476,137
476,127
476,128
476,129
476,130
476,131
476,132
476,133
476,134
476,135
476,136
476,137
476,137
477,137
478,137
478,129
478,130
478,131
478,132
478,133
478,134
478,135
478,136
478,137
478,129
478,130
478,131
478,132
478,133
478,134
478,135
478,136
478,137
478,137
479,137
480,137
480,132
480,133
480,134
480,135
480,136
480,137
480,132
480,133
480,134
480,135
480,136
480,137
498,13
498,14
498,15
498,16
490,16
491,16
492,16
493,16
494,16
495,16
496,16
497,16
498,16
490,16
490,17
490,18
490,19
490,20
490,21
490,22
490,23
490,23
491,23
492,23
493,23
494,23
495,23
496,23
497,23
498,23
499,23
500,23
501,23
502,23
503,23
504,23
505,23
506,23
507,23
508,23
509,23
510,23
511,23
511,16
511,17
511,18
511,19
511,20
511,21
511,22
511,23
503,16
504,16
505,16
506,16
507,16
508,16
509,16
510,16
511,16
503,13
503,14
503,15
503,16
472,136
472,137
472,136
472,137
472,137
473,137
474,137
474,134
474,135
474,136
474,137
474,134
474,135
474,136
474,137
474,137
475,137
476,137
476,127
476,128
476,129
476,130
476,131
476,132
476,133
476,134
476,135
476,136
476,137
476,127
476,128
476,129
476,130
476,131
476,132
476,133
476,134
476,135
476,136
476,137
476,137
477,137
478,137
478,129
478,130
478,131
478,132
478,133
478,134
478,135
478,136
478,137
478,129
478,130
478,131
478,132
478,133
478,134
478,135
478,136
478,137
478,137
479,137
480,137
480,132
480,133
480,134
480,135
480,136
480,137
480,132
480,133
480,134
480,135
480,136
480,137
465,44
465,45
465,46
465,47
465,48
465,49
465,50
465,51
465,52
465,44
465,45
465,46
465,47
465,48
465,49
465,50
465,51
465,52
465,52
466,52
467,52
467,51
467,52
467,51
467,52
467,52
468,52
469,52
469,44
469,45
469,46
469,47
469,48
469,49
469,50
469,51
469,52
469,44
469,45
469,46
469,47
469,48
469,49
469,50
469,51
469,52
469,52
470,52
471,52
471,51
471,52
471,51
471,52
471,52
472,52
473,52
473,50
473,51
473,52
473,50
473,51
473,52
473,52
474,52
475,52
475,44
475,45
475,46
475,47
475,48
475,49
475,50
475,51
475,52
475,44
475,45
475,46
475,47
475,48
475,49
475,50
475,51
475,52
475,52
476,52
477,52
477,44
477,45
477,46
477,47
477,48
477,49
477,50
477,51
477,52
477,44
477,45
477,46
477,47
477,48
477,49
477,50
477,51
477,52
477,52
478,52
479,52
479,43
479,44
479,45
479,46
479,47
479,48
479,49
479,50
479,51
479,52
479,43
479,44
479,45
479,46
479,47
479,48
479,49
479,50
479,51
479,52
479,52
480,52
481,52
481,48
481,49
481,50
481,51
481,52
481,48
481,49
481,50
481,51
481,52
481,52
482,52
483,52
483,46
483,47
483,48
483,49
483,50
483,51
483,52
483,46
483,47
483,48
483,49
483,50
483,51
483,52
475,60
475,61
475,62
475,63
475,64
475,65
475,60
475,61
475,62
475,63
475,64
475,65
475,65
476,65
477,65
477,58
477,59
477,60
477,61
477,62
477,63
477,64
477,65
477,58
477,59
477,60
477,61
477,62
477,63
477,64
477,65
477,65
478,65
479,65
479,57
479,58
479,59
479,60
479,61
479,62
479,63
479,64
479,65
479,57
479,58
479,59
479,60
479,61
479,62
479,63
479,64
479,65
479,65
480,65
481,65
481,60
481,61
481,62
481,63
481,64
481,65
481,60
481,61
481,62
481,63
481,64
481,65
481,65
482,65
483,65
483,55
483,56
483,57
483,58
483,59
483,60
483,61
483,62
483,63
483,64
483,65
483,55
483,56
483,57
483,58
483,59
483,60
483,61
483,62
483,63
483,64
483,65
483,65
484,65
485,65
485,64
485,65
485,64
485,65
485,65
486,65
487,65
487,64
487,65
487,64
487,65
487,65
488,65
489,65
489,60
489,61
489,62
489,63
489,64
489,65
489,60
489,61
489,62
489,63
489,64
489,65
489,65
490,65
491,65
491,63
491,64
491,65
491,63
491,64
491,65
491,65
492,65
493,65
493,64
493,65
493,64
493,65
468,158
468,159
468,160
468,161
468,162
468,158
468,159
468,160
468,161
468,162
468,162
469,162
470,162
470,159
470,160
470,161
470,162
470,159
470,160
470,161
470,162
470,162
471,162
472,162
472,156
472,157
472,158
472,159
472,160
472,161
472,162
472,156
472,157
472,158
472,159
472,160
472,161
472,162
472,162
473,162
474,162
474,157
474,158
474,159
474,160
474,161
474,162
474,157
474,158
474,159
474,160
474,161
474,162
474,162
475,162
476,162
476,152
476,153
476,154
476,155
476,156
476,157
476,158
476,159
476,160
476,161
476,162
476,152
476,153
476,154
476,155
476,156
476,157
476,158
476,159
476,160
476,161
476,162
476,162
477,162
478,162
478,158
478,159
478,160
478,161
478,162
478,158
478,159
478,160
478,161
478,162
478,162
479,162
480,162
480,155
480,156
480,157
480,158
480,159
480,160
480,161
480,162
480,155
480,156
480,157
480,158
480,159
480,160
480,161
480,162
491,96
492,96
493,96
494,96
495,96
496,96
497,96
498,96
499,96
500,96
501,96
501,95
501,96
465,44
465,45
465,46
465,47
465,48
465,49
465,50
465,51
465,52
465,44
465,45
465,46
465,47
465,48
465,49
465,50
465,51
465,52
465,52
466,52
467,52
467,51
467,52
467,51
467,52
467,52
468,52
469,52
469,44
469,45
469,46
469,47
469,48
469,49
469,50
469,51
469,52
469,44
469,45
469,46
469,47
469,48
469,49
469,50
469,51
469,52
469,52
470,52
471,52
471,51
471,52
471,51
471,52
471,52
472,52
473,52
473,50
473,51
473,52
473,50
473,51
473,52
473,52
474,52
475,52
475,44
475,45
475,46
475,47
475,48
475,49
475,50
475,51
475,52
475,44
475,45
475,46
475,47
475,48
475,49
475,50
475,51
475,52
475,52
476,52
477,52
477,44
477,45
477,46
477,47
477,48
477,49
477,50
477,51
477,52
477,44
477,45
477,46
477,47
477,48
477,49
477,50
477,51
477,52
477,52
478,52
479,52
479,43
479,44
479,45
479,46
479,47
479,48
479,49
479,50
479,51
479,52
479,43
479,44
479,45
479,46
479,47
479,48
479,49
479,50
479,51
479,52
479,52
480,52
481,52
481,48
481,49
481,50
481,51
481,52
481,48
481,49
481,50
481,51
481,52
481,52
482,52
483,52
483,46
483,47
483,48
483,49
483,50
483,51
483,52
483,46
483,47
483,48
483,49
483,50
483,51
483,52
487,26
488,26
489,26
490,26
491,26
485,101
486,101
487,101
488,101
489,101
491,101
492,101
493,101
494,101
495,101
475,60
475,61
475,62
475,63
475,64
475,65
475,60
475,61
475,62
475,63
475,64
475,65
475,65
476,65
477,65
477,58
477,59
477,60
477,61
477,62
477,63
477,64
477,65
477,58
477,59
477,60
477,61
477,62
477,63
477,64
477,65
477,65
478,65
479,65
479,57
479,58
479,59
479,60
479,61
479,62
479,63
479,64
479,65
479,57
479,58
479,59
479,60
479,61
479,62
479,63
479,64
479,65
479,65
480,65
481,65
481,60
481,61
481,62
481,63
481,64
481,65
481,60
481,61
481,62
481,63
481,64
481,65
481,65
482,65
483,65
483,55
483,56
483,57
483,58
483,59
483,60
483,61
483,62
483,63
483,64
483,65
483,55
483,56
483,57
483,58
483,59
483,60
483,61
483,62
483,63
483,64
483,65
483,65
484,65
485,65
485,64
485,65
485,64
485,65
485,65
486,65
487,65
487,64
487,65
487,64
487,65
487,65
488,65
489,65
489,60
489,61
489,62
489,63
489,64
489,65
489,60
489,61
489,62
489,63
489,64
489,65
489,65
490,65
491,65
491,63
491,64
491,65
491,63
491,64
491,65
491,65
492,65
493,65
493,64
493,65
493,64
493,65
492,72
493,72
494,72
495,72
496,72
468,158
468,159
468,160
468,161
468,162
468,158
468,159
468,160
468,161
468,162
468,162
469,162
470,162
470,159
470,160
470,161
470,162
470,159
470,160
470,161
470,162
470,162
471,162
472,162
472,156
472,157
472,158
472,159
472,160
472,161
472,162
472,156
472,157
472,158
472,159
472,160
472,161
472,162
472,162
473,162
474,162
474,157
474,158
474,159
474,160
474,161
474,162
474,157
474,158
474,159
474,160
474,161
474,162
474,162
475,162
476,162
476,152
476,153
476,154
476,155
476,156
476,157
476,158
476,159
476,160
476,161
476,162
476,152
476,153
476,154
476,155
476,156
476,157
476,158
476,159
476,160
476,161
476,162
476,162
477,162
478,162
478,158
478,159
478,160
478,161
478,162
478,158
478,159
478,160
478,161
478,162
478,162
479,162
480,162
480,155
480,156
480,157
480,158
480,159
480,160
480,161
480,162
480,155
480,156
480,157
480,158
480,159
480,160
480,161
480,162
495,81
495,82
495,83
494,83
495,83
494,83
494,84
494,85
494,86
494,87
494,88
494,89
494,90
494,91
494,91
495,91
496,91
497,91
498,91
499,91
500,91
501,91
502,91
503,91
504,91
505,91
505,83
505,84
505,85
505,86
505,87
505,88
505,89
505,90
505,91
501,83
502,83
503,83
504,83
505,83
501,81
501,82
501,83
465,44
465,45
465,46
465,47
465,48
465,49
465,50
465,51
465,52
465,44
465,45
465,46
465,47
465,48
465,49
465,50
465,51
465,52
465,52
466,52
467,52
467,51
467,52
467,51
467,52
467,52
468,52
469,52
469,44
469,45
469,46
469,47
469,48
469,49
469,50
469,51
469,52
469,44
469,45
469,46
469,47
469,48
469,49
469,50
469,51
469,52
469,52
470,52
471,52
471,51
471,52
471,51
471,52
471,52
472,52
473,52
473,50
473,51
473,52
473,50
473,51
473,52
473,52
474,52
475,52
475,44
475,45
475,46
475,47
475,48
475,49
475,50
475,51
475,52
475,44
475,45
475,46
475,47
475,48
475,49
475,50
475,51
475,52
475,52
476,52
477,52
477,44
477,45
477,46
477,47
477,48
477,49
477,50
477,51
477,52
477,44
477,45
477,46
477,47
477,48
477,49
477,50
477,51
477,52
477,52
478,52
479,52
479,43
479,44
479,45
479,46
479,47
479,48
479,49
479,50
479,51
479,52
479,43
479,44
479,45
479,46
479,47
479,48
479,49
479,50
479,51
479,52
479,52
480,52
481,52
481,48
481,49
481,50
481,51
481,52
481,48
481,49
481,50
481,51
481,52
481,52
482,52
483,52
483,46
483,47
483,48
483,49
483,50
483,51
483,52
483,46
483,47
483,48
483,49
483,50
483,51
483,52
490,149
491,149
492,149
493,149
494,149
495,149
488,99
489,99
490,99
491,99
492,99
468,158
468,159
468,160
468,161
468,162
468,158
468,159
468,160
468,161
468,162
468,162
469,162
470,162
470,159
470,160
470,161
470,162
470,159
470,160
470,161
470,162
470,162
471,162
472,162
472,156
472,157
472,158
472,159
472,160
472,161
472,162
472,156
472,157
472,158
472,159
472,160
472,161
472,162
472,162
473,162
474,162
474,157
474,158
474,159
474,160
474,161
474,162
474,157
474,158
474,159
474,160
474,161
474,162
474,162
475,162
476,162
476,152
476,153
476,154
476,155
476,156
476,157
476,158
476,159
476,160
476,161
476,162
476,152
476,153
476,154
476,155
476,156
476,157
476,158
476,159
476,160
476,161
476,162
476,162
477,162
478,162
478,158
478,159
478,160
478,161
478,162
478,158
478,159
478,160
478,161
478,162
478,162
479,162
480,162
480,155
480,156
480,157
480,158
480,159
480,160
480,161
480,162
480,155
480,156
480,157
480,158
480,159
480,160
480,161
480,162
493,32
494,32
495,32
496,32
497,32
499,77
499,78
499,78
500,78
501,78
502,78
503,78
504,78
505,78
506,78
507,78
508,78
509,78
509,77
509,78
458,165
458,166
458,166
459,166
460,166
461,166
462,166
463,166
464,166
465,166
466,166
467,166
468,166
469,166
470,166
471,166
472,166
473,166
473,165
473,166
465,44
465,45
465,46
465,47
465,48
465,49
465,50
465,51
465,52
465,44
465,45
465,46
465,47
465,48
465,49
465,50
465,51
465,52
465,52
466,52
467,52
467,51
467,52
467,51
467,52
467,52
468,52
469,52
469,44
469,45
469,46
469,47
469,48
469,49
469,50
469,51
469,52
469,44
469,45
469,46
469,47
469,48
469,49
469,50
469,51
469,52
469,52
470,52
471,52
471,51
471,52
471,51
471,52
471,52
472,52
473,52
473,50
473,51
473,52
473,50
473,51
473,52
473,52
474,52
475,52
475,44
475,45
475,46
475,47
475,48
475,49
475,50
475,51
475,52
475,44
475,45
475,46
475,47
475,48
475,49
475,50
475,51
475,52
475,52
476,52
477,52
477,44
477,45
477,46
477,47
477,48
477,49
477,50
477,51
477,52
477,44
477,45
477,46
477,47
477,48
477,49
477,50
477,51
477,52
477,52
478,52
479,52
479,43
479,44
479,45
479,46
479,47
479,48
479,49
479,50
479,51
479,52
479,43
479,44
479,45
479,46
479,47
479,48
479,49
479,50
479,51
479,52
479,52
480,52
481,52
481,48
481,49
481,50
481,51
481,52
481,48
481,49
481,50
481,51
481,52
481,52
482,52
483,52
483,46
483,47
483,48
483,49
483,50
483,51
483,52
483,46
483,47
483,48
483,49
483,50
483,51
483,52
490,35
491,35
492,35
493,35
494,35
468,158
468,159
468,160
468,161
468,162
468,158
468,159
468,160
468,161
468,162
468,162
469,162
470,162
470,159
470,160
470,161
470,162
470,159
470,160
470,161
470,162
470,162
471,162
472,162
472,156
472,157
472,158
472,159
472,160
472,161
472,162
472,156
472,157
472,158
472,159
472,160
472,161
472,162
472,162
473,162
474,162
474,157
474,158
474,159
474,160
474,161
474,162
474,157
474,158
474,159
474,160
474,161
474,162
474,162
475,162
476,162
476,152
476,153
476,154
476,155
476,156
476,157
476,158
476,159
476,160
476,161
476,162
476,152
476,153
476,154
476,155
476,156
476,157
476,158
476,159
476,160
476,161
476,162
476,162
477,162
478,162
478,158
478,159
478,160
478,161
478,162
478,158
478,159
478,160
478,161
478,162
478,162
479,162
480,162
480,155
480,156
480,157
480,158
480,159
480,160
480,161
480,162
480,155
480,156
480,157
480,158
480,159
480,160
480,161
480,162
465,44
465,45
465,46
465,47
465,48
465,49
465,50
465,51
465,52
465,44
465,45
465,46
465,47
465,48
465,49
465,50
465,51
465,52
465,52
466,52
467,52
467,51
467,52
467,51
467,52
467,52
468,52
469,52
469,44
469,45
469,46
469,47
469,48
469,49
469,50
469,51
469,52
469,44
469,45
469,46
469,47
469,48
469,49
469,50
469,51
469,52
469,52
470,52
471,52
471,51
471,52
471,51
471,52
471,52
472,52
473,52
473,50
473,51
473,52
473,50
473,51
473,52
473,52
474,52
475,52
475,44
475,45
475,46
475,47
475,48
475,49
475,50
475,51
475,52
475,44
475,45
475,46
475,47
475,48
475,49
475,50
475,51
475,52
475,52
476,52
477,52
477,44
477,45
477,46
477,47
477,48
477,49
477,50
477,51
477,52
477,44
477,45
477,46
477,47
477,48
477,49
477,50
477,51
477,52
477,52
478,52
479,52
479,43
479,44
479,45
479,46
479,47
479,48
479,49
479,50
479,51
479,52
479,43
479,44
479,45
479,46
479,47
479,48
479,49
479,50
479,51
479,52
479,52
480,52
481,52
481,48
481,49
481,50
481,51
481,52
481,48
481,49
481,50
481,51
481,52
481,52
482,52
483,52
483,46
483,47
483,48
483,49
483,50
483,51
483,52
483,46
483,47
483,48
483,49
483,50
483,51
483,52
499,77
499,78
499,78
500,78
501,78
502,78
503,78
504,78
505,78
506,78
507,78
508,78
509,78
509,77
509,78
465,44
465,45
465,46
465,47
465,48
465,49
465,50
465,51
465,52
465,44
465,45
465,46
465,47
465,48
465,49
465,50
465,51
465,52
465,52
466,52
467,52
467,51
467,52
467,51
467,52
467,52
468,52
469,52
469,44
469,45
469,46
469,47
469,48
469,49
469,50
469,51
469,52
469,44
469,45
469,46
469,47
469,48
469,49
469,50
469,51
469,52
469,52
470,52
471,52
471,51
471,52
471,51
471,52
471,52
472,52
473,52
473,50
473,51
473,52
473,50
473,51
473,52
473,52
474,52
475,52
475,44
475,45
475,46
475,47
475,48
475,49
475,50
475,51
475,52
475,44
475,45
475,46
475,47
475,48
475,49
475,50
475,51
475,52
475,52
476,52
477,52
477,44
477,45
477,46
477,47
477,48
477,49
477,50
477,51
477,52
477,44
477,45
477,46
477,47
477,48
477,49
477,50
477,51
477,52
477,52
478,52
479,52
479,43
479,44
479,45
479,46
479,47
479,48
479,49
479,50
479,51
479,52
479,43
479,44
479,45
479,46
479,47
479,48
479,49
479,50
479,51
479,52
479,52
480,52
481,52
481,48
481,49
481,50
481,51
481,52
481,48
481,49
481,50
481,51
481,52
481,52
482,52
483,52
483,46
483,47
483,48
483,49
483,50
483,51
483,52
483,46
483,47
483,48
483,49
483,50
483,51
483,52
465,44
465,45
465,46
465,47
465,48
465,49
465,50
465,51
465,52
465,44
465,45
465,46
465,47
465,48
465,49
465,50
465,51
465,52
465,52
466,52
467,52
467,51
467,52
467,51
467,52
467,52
468,52
469,52
469,44
469,45
469,46
469,47
469,48
469,49
469,50
469,51
469,52
469,44
469,45
469,46
469,47
469,48
469,49
469,50
469,51
469,52
469,52
470,52
471,52
471,51
471,52
471,51
471,52
471,52
472,52
473,52
473,50
473,51
473,52
473,50
473,51
473,52
473,52
474,52
475,52
475,44
475,45
475,46
475,47
475,48
475,49
475,50
475,51
475,52
475,44
475,45
475,46
475,47
475,48
475,49
475,50
475,51
475,52
475,52
476,52
477,52
477,44
477,45
477,46
477,47
477,48
477,49
477,50
477,51
477,52
477,44
477,45
477,46
477,47
477,48
477,49
477,50
477,51
477,52
477,52
478,52
479,52
479,43
479,44
479,45
479,46
479,47
479,48
479,49
479,50
479,51
479,52
479,43
479,44
479,45
479,46
479,47
479,48
479,49
479,50
479,51
479,52
479,52
480,52
481,52
481,48
481,49
481,50
481,51
481,52
481,48
481,49
481,50
481,51
481,52
481,52
482,52
483,52
483,46
483,47
483,48
483,49
483,50
483,51
483,52
483,46
483,47
483,48
483,49
483,50
483,51
483,52
472,136
472,137
472,136
472,137
472,137
473,137
474,137
474,134
474,135
474,136
474,137
474,134
474,135
474,136
474,137
474,137
475,137
476,137
476,127
476,128
476,129
476,130
476,131
476,132
476,133
476,134
476,135
476,136
476,137
476,127
476,128
476,129
476,130
476,131
476,132
476,133
476,134
476,135
476,136
476,137
476,137
477,137
478,137
478,129
478,130
478,131
478,132
478,133
478,134
478,135
478,136
478,137
478,129
478,130
478,131
478,132
478,133
478,134
478,135
478,136
478,137
478,137
479,137
480,137
480,132
480,133
480,134
480,135
480,136
480,137
480,132
480,133
480,134
480,135
480,136
480,137
498,13
498,14
498,15
498,16
490,16
491,16
492,16
493,16
494,16
495,16
496,16
497,16
498,16
490,16
490,17
490,18
490,19
490,20
490,21
490,22
490,23
490,23
491,23
492,23
493,23
494,23
495,23
496,23
497,23
498,23
499,23
500,23
501,23
502,23
503,23
504,23
505,23
506,23
507,23
508,23
509,23
510,23
511,23
511,16
511,17
511,18
511,19
511,20
511,21
511,22
511,23
503,16
504,16
505,16
506,16
507,16
508,16
509,16
510,16
511,16
503,13
503,14
503,15
503,16
469,115
469,116
469,117
469,118
469,119
466,119
467,119
468,119
469,119
466,119
466,120
466,121
466,122
466,123
466,124
466,124
467,124
468,124
469,124
470,124
471,124
472,124
473,124
474,124
475,124
476,124
476,119
476,120
476,121
476,122
476,123
476,124
472,119
473,119
474,119
475,119
476,119
472,115
472,116
472,117
472,118
472,119
476,149
477,149
478,149
479,149
480,149
481,149
468,158
468,159
468,160
468,161
468,162
468,158
468,159
468,160
468,161
468,162
468,162
469,162
470,162
470,159
470,160
470,161
470,162
470,159
470,160
470,161
470,162
470,162
471,162
472,162
472,156
472,157
472,158
472,159
472,160
472,161
472,162
472,156
472,157
472,158
472,159
472,160
472,161
472,162
472,162
473,162
474,162
474,157
474,158
474,159
474,160
474,161
474,162
474,157
474,158
474,159
474,160
474,161
474,162
474,162
475,162
476,162
476,152
476,153
476,154
476,155
476,156
476,157
476,158
476,159
476,160
476,161
476,162
476,152
476,153
476,154
476,155
476,156
476,157
476,158
476,159
476,160
476,161
476,162
476,162
477,162
478,162
478,158
478,159
478,160
478,161
478,162
478,158
478,159
478,160
478,161
478,162
478,162
479,162
480,162
480,155
480,156
480,157
480,158
480,159
480,160
480,161
480,162
480,155
480,156
480,157
480,158
480,159
480,160
480,161
480,162
465,44
465,45
465,46
465,47
465,48
465,49
465,50
465,51
465,52
465,44
465,45
465,46
465,47
465,48
465,49
465,50
465,51
465,52
465,52
466,52
467,52
467,51
467,52
467,51
467,52
467,52
468,52
469,52
469,44
469,45
469,46
469,47
469,48
469,49
469,50
469,51
469,52
469,44
469,45
469,46
469,47
469,48
469,49
469,50
469,51
469,52
469,52
470,52
471,52
471,51
471,52
471,51
471,52
471,52
472,52
473,52
473,50
473,51
473,52
473,50
473,51
473,52
473,52
474,52
475,52
475,44
475,45
475,46
475,47
475,48
475,49
475,50
475,51
475,52
475,44
475,45
475,46
475,47
475,48
475,49
475,50
475,51
475,52
475,52
476,52
477,52
477,44
477,45
477,46
477,47
477,48
477,49
477,50
477,51
477,52
477,44
477,45
477,46
477,47
477,48
477,49
477,50
477,51
477,52
477,52
478,52
479,52
479,43
479,44
479,45
479,46
479,47
479,48
479,49
479,50
479,51
479,52
479,43
479,44
479,45
479,46
479,47
479,48
479,49
479,50
479,51
479,52
479,52
480,52
481,52
481,48
481,49
481,50
481,51
481,52
481,48
481,49
481,50
481,51
481,52
481,52
482,52
483,52
483,46
483,47
483,48
483,49
483,50
483,51
483,52
483,46
483,47
483,48
483,49
483,50
483,51
483,52
484,29
485,29
486,29
487,29
488,29
488,103
489,103
490,103
491,103
