10,10,1
10,10,20
10,1,10
10,11,0
10,1,11
10,1,12
10,11,20
10,11,21
10,1,14
10,12,1
10,12,21
10,13,20
10,14,19
10,15,18
10,15,2
10,16,18
10,16,3
10,17,17
10,17,3
10,1,8
10,18,16
10,18,17
10,18,4
10,18,5
10,18,6
10,1,9
10,19,16
10,19,7
10,20,10
10,20,11
10,20,12
10,20,13
10,20,14
10,20,15
10,20,7
10,20,8
10,20,9
10,2,13
10,2,14
10,2,15
10,2,6
10,2,7
10,3,16
10,3,17
10,3,4
10,3,5
10,4,18
10,4,3
10,5,19
10,5,2
10,6,19
10,6,2
10,7,20
10,8,19
10,9,1
10,9,20
1,10,12
1,10,13
1,10,8
11,10,21
11,1,10
1,11,11
11,1,11
11,11,1
11,11,20
1,11,13
11,1,13
11,12,1
11,12,21
11,13,1
11,13,20
11,14,1
11,14,19
11,15,19
11,15,2
11,16,19
11,16,2
11,16,3
1,11,7
11,17,17
11,17,18
11,17,4
1,11,8
11,1,8
11,18,16
11,18,5
1,11,9
11,1,9
11,19,14
11,19,16
11,19,4
11,19,6
11,19,7
11,20,10
11,20,12
11,20,13
11,20,15
11,20,8
11,20,9
1,12,10
11,21,11
1,12,12
11,2,12
1,12,13
11,2,14
11,2,5
11,2,6
1,12,7
11,2,7
1,12,9
1,13,10
1,13,13
11,3,15
11,3,16
11,3,17
11,3,4
1,13,8
1,14,10
11,4,18
11,4,3
11,5,18
11,5,3
11,6,18
11,6,3
11,7,1
11,7,19
11,7,2
11,8,1
11,8,20
11,9,1
11,9,21
12,10,1
12,10,20
12,1,11
12,11,1
12,11,19
12,1,12
12,12,1
12,12,20
12,13,20
12,14,19
12,14,2
12,15,19
12,15,3
12,16,18
12,16,3
12,17,16
12,17,17
12,17,3
12,17,4
12,18,15
12,18,5
12,1,9
12,19,12
12,19,14
12,19,15
12,19,6
12,19,7
12,19,8
12,20,10
12,20,11
12,20,13
12,20,9
12,2,10
12,2,13
12,2,14
12,2,15
12,2,6
12,2,7
12,2,8
12,3,16
12,3,4
12,3,5
12,4,17
12,4,4
12,5,18
12,5,3
12,6,19
12,6,3
12,7,2
12,7,20
12,8,1
12,8,20
12,9,1
12,9,20
13,0,10
13,10,20
13,1,10
13,1,11
13,11,1
13,11,19
13,12,1
13,12,19
13,13,19
13,13,20
13,14,19
13,14,2
13,15,19
13,15,2
13,16,18
13,16,3
13,17,18
13,17,3
13,17,4
13,1,8
13,18,15
13,18,16
13,18,17
13,18,5
13,1,9
13,19,12
13,19,14
13,19,16
13,19,6
13,19,7
13,19,8
13,19,9
13,20,10
13,20,11
13,20,13
13,20,14
13,2,12
13,2,13
13,2,14
13,2,7
13,3,15
13,3,16
13,3,4
13,3,5
13,3,6
13,4,17
13,4,18
13,4,4
13,5,18
13,5,3
13,6,19
13,6,2
13,7,19
13,7,3
13,8,19
13,8,2
13,9,19
14,10,19
14,10,20
14,1,10
14,1,11
14,11,1
14,11,19
14,11,20
14,12,1
14,12,19
14,13,18
14,13,2
14,14,19
14,14,3
14,15,18
14,15,3
14,16,18
14,16,19
14,16,4
14,17,17
14,17,4
14,17,5
14,18,15
14,18,16
14,18,17
14,18,6
14,1,9
14,19,10
14,19,12
14,19,13
14,19,14
14,19,7
14,19,8
14,19,9
14,20,11
14,2,11
14,2,14
14,2,7
14,2,8
14,3,12
14,3,13
14,3,15
14,3,16
14,3,5
14,3,6
14,4,17
14,4,4
14,5,18
14,5,4
14,6,18
14,6,3
14,7,19
14,7,2
14,8,19
14,8,3
14,9,2
14,9,20
15,10,18
15,10,2
15,11,18
15,11,2
15,11,20
15,12,19
15,12,2
15,13,19
15,13,2
15,14,18
15,14,2
15,15,18
15,15,19
15,15,3
15,16,17
15,16,3
15,16,4
15,16,5
15,17,16
15,17,6
15,18,12
15,18,15
15,18,6
15,18,7
15,18,8
15,19,10
15,19,11
15,19,13
15,19,14
15,19,9
15,2,10
15,2,11
15,2,12
15,2,13
15,2,9
15,3,14
15,3,15
15,3,6
15,3,7
15,3,8
15,4,16
15,4,5
15,5,17
15,5,4
15,6,18
15,6,4
15,7,18
15,7,3
15,8,18
15,8,2
15,9,19
15,9,2
16,10,18
16,10,3
1,6,11
16,11,18
16,11,3
16,11,4
16,12,17
16,12,18
16,12,3
16,13,17
16,13,18
16,13,3
16,14,18
16,14,3
16,15,16
16,15,17
16,15,3
16,15,4
16,16,16
16,16,5
16,17,15
16,17,16
16,17,5
16,17,6
16,17,7
16,18,11
16,18,12
16,18,13
16,18,14
16,18,6
16,18,8
16,18,9
16,19,10
16,2,10
16,3,11
16,3,12
16,3,13
16,3,15
16,3,7
16,3,8
16,3,9
16,4,14
16,4,15
16,4,6
16,5,15
16,5,16
16,5,5
16,6,17
16,6,4
16,7,17
16,7,3
16,8,17
16,8,18
16,8,3
16,9,18
16,9,3
1,7,10
17,10,17
17,10,4
17,11,17
17,11,3
17,11,5
1,7,12
17,12,16
17,12,18
17,12,4
17,13,16
17,13,18
17,13,4
17,14,16
17,14,17
17,14,3
17,14,4
17,14,5
17,14,6
17,15,15
17,15,5
17,15,6
17,16,15
17,16,16
17,16,6
17,16,7
17,17,11
17,17,12
17,17,13
17,17,14
17,17,7
17,17,9
17,18,10
17,18,12
17,18,8
17,18,9
17,3,10
17,3,11
17,3,12
17,3,13
17,4,10
17,4,11
17,4,13
17,4,14
17,4,6
17,4,7
17,4,8
17,4,9
17,5,11
17,5,14
17,5,6
17,6,15
17,6,16
17,6,4
17,6,5
17,7,16
17,7,4
17,7,5
17,8,16
17,8,18
17,8,3
17,8,4
17,8,5
1,7,9
17,9,17
17,9,4
17,9,5
1,8,10
18,10,15
18,10,17
18,10,4
18,10,5
1,8,11
18,11,16
18,11,5
1,8,12
18,12,16
18,12,5
18,13,16
18,13,4
18,13,5
18,13,6
18,13,7
18,14,13
18,14,16
18,14,7
18,15,14
18,15,15
18,15,5
18,15,7
18,15,9
18,16,10
18,16,12
18,16,13
18,16,14
18,16,8
18,16,9
18,17,10
18,17,11
18,17,8
18,18,11
18,4,12
18,4,8
18,4,9
18,5,10
18,5,12
18,5,13
18,5,14
18,5,7
18,5,8
18,5,9
18,6,11
18,6,13
18,6,14
18,6,6
18,6,7
18,6,9
18,7,15
18,7,16
18,7,6
18,7,7
18,8,16
18,8,17
18,8,6
18,8,8
18,9,16
18,9,17
18,9,6
19,10,14
19,10,16
19,10,5
19,10,6
19,10,7
19,10,8
1,9,11
19,11,14
19,11,15
19,11,16
19,11,5
19,11,6
19,11,7
19,11,8
19,11,9
19,12,10
19,12,14
19,12,16
19,12,6
19,12,7
19,13,11
19,13,13
19,13,15
19,13,5
19,13,8
1,9,14
19,14,10
19,14,12
19,14,14
19,14,15
19,14,8
19,14,9
19,15,10
19,15,11
19,15,12
19,15,13
19,15,8
19,16,11
19,16,12
19,16,9
19,5,10
19,5,11
19,5,12
19,6,10
19,6,11
19,6,12
19,6,8
19,7,10
19,7,12
19,7,13
19,7,14
19,7,8
19,7,9
1,9,8
19,8,10
19,8,11
19,8,12
19,8,13
19,8,14
19,8,15
19,8,6
19,8,7
19,8,9
1,9,9
19,9,11
19,9,13
19,9,14
19,9,15
19,9,7
19,9,8
19,9,9
20,10,10
20,10,11
20,10,12
20,10,13
20,10,14
20,10,9
20,11,10
20,11,11
20,11,12
20,11,13
20,11,15
20,12,11
20,12,12
20,12,13
20,12,15
20,12,8
20,12,9
20,13,10
20,13,12
20,13,14
20,13,9
20,14,11
20,14,12
20,14,9
20,6,10
20,7,11
20,9,10
20,9,12
20,9,8
2,10,11
2,10,12
2,10,14
2,10,15
2,10,6
2,10,7
2,11,14
2,11,15
2,11,6
2,12,11
2,12,14
2,12,15
2,12,16
2,12,6
2,13,11
2,13,12
2,13,13
2,13,14
2,13,16
2,13,6
2,13,7
2,13,9
2,14,11
2,14,12
2,14,14
2,14,15
2,14,7
2,14,8
2,14,9
2,15,10
2,15,11
2,15,12
2,15,13
2,15,7
2,15,8
2,15,9
2,16,11
2,5,10
2,5,12
2,5,8
2,5,9
2,6,10
2,6,12
2,6,13
2,6,8
2,6,9
2,7,11
2,7,13
2,7,14
2,7,7
2,7,8
2,8,11
2,8,12
2,8,13
2,8,14
2,8,6
2,8,8
2,8,9
2,9,10
2,9,13
2,9,14
2,9,7
3,10,16
3,10,17
3,10,4
3,10,5
3,11,16
3,11,17
3,11,5
3,12,17
3,12,5
3,13,15
3,13,4
3,13,6
3,14,13
3,14,4
3,14,6
3,15,12
3,15,13
3,15,14
3,15,15
3,15,7
3,15,9
3,16,10
3,16,11
3,16,15
3,16,6
3,17,11
3,17,12
3,17,9
3,4,8
3,5,10
3,5,11
3,5,12
3,5,6
3,5,8
3,6,11
3,6,13
3,6,14
3,6,6
3,6,7
3,6,9
3,7,15
3,7,16
3,7,5
3,7,6
3,8,15
3,8,7
3,9,11
3,9,12
3,9,15
3,9,16
3,9,5
3,9,6
4,13,18
4,13,3
4,13,5
4,14,3
4,14,5
4,15,12
4,15,6
4,16,11
4,16,13
4,16,14
4,16,7
4,16,9
4,17,10
4,17,12
4,3,12
4,4,10
4,4,9
4,5,13
4,5,15
4,5,7
4,5,9
4,9,4
5,10,18
5,11,18
5,12,2
5,15,3
5,16,12
5,16,5
5,17,16
5,17,6
5,18,7
5,18,8
5,19,10
5,19,9
5,2,10
5,2,11
5,2,12
5,2,13
5,3,14
5,3,15
5,3,7
5,3,8
5,4,16
5,4,5
5,5,4
5,6,18
5,6,3
5,7,18
5,8,19
6,10,1
6,10,19
6,10,2
6,10,20
6,1,10
6,11,19
6,11,2
6,12,19
6,12,3
6,13,18
6,13,2
6,14,18
6,14,3
6,15,18
6,15,3
6,16,17
6,16,3
6,16,4
6,17,16
6,18,13
6,18,14
6,18,15
6,18,5
6,18,9
6,19,10
6,19,11
6,19,12
6,19,7
6,19,8
6,2,11
6,2,12
6,2,13
6,2,14
6,2,9
6,3,15
6,3,6
6,3,7
6,3,8
6,4,16
6,4,4
6,4,5
6,5,17
6,5,18
6,5,4
6,6,18
6,6,4
6,7,18
6,7,2
6,7,3
6,8,18
6,8,3
6,9,19
6,9,2
7,10,19
7,10,3
7,1,11
7,11,1
7,11,19
7,1,12
7,11,2
7,12,1
7,12,19
7,12,2
7,13,19
7,14,19
7,14,2
7,15,18
7,15,3
7,16,18
7,16,3
7,17,17
7,17,4
7,18,15
7,18,16
7,18,17
7,18,5
7,18,6
7,19,12
7,19,13
7,19,14
7,19,7
7,19,8
7,19,9
7,20,10
7,20,11
7,20,9
7,2,10
7,2,13
7,2,14
7,2,7
7,2,8
7,2,9
7,3,15
7,3,4
7,3,6
7,4,16
7,4,18
7,4,4
7,4,5
7,5,17
7,5,3
7,6,17
7,6,2
7,6,3
7,7,18
7,7,19
7,7,3
7,8,19
7,8,2
7,9,1
7,9,19
7,9,2
8,10,1
8,10,2
8,10,20
8,11,1
8,11,19
8,1,12
8,12,1
8,12,20
8,13,19
8,14,19
8,14,2
8,15,19
8,15,3
8,16,18
8,16,4
8,17,17
8,17,4
8,18,16
8,18,17
8,18,4
8,18,5
8,19,10
8,19,12
8,19,13
8,19,14
8,19,15
8,19,16
8,19,6
8,19,7
8,19,8
8,19,9
8,20,11
8,2,10
8,2,11
8,2,13
8,2,15
8,2,7
8,2,8
8,2,9
8,3,14
8,3,16
8,3,17
8,3,5
8,3,6
8,4,17
8,4,18
8,4,4
8,5,18
8,5,3
8,6,18
8,6,19
8,6,2
8,7,1
8,7,19
8,7,2
8,8,1
8,8,19
8,9,1
8,9,20
9,10,1
9,10,20
9,1,10
9,1,11
9,11,1
9,11,19
9,1,12
9,1,14
9,12,1
9,12,20
9,13,20
9,14,1
9,14,19
9,15,19
9,15,2
9,16,17
9,16,18
9,16,3
9,17,16
9,17,18
9,17,4
9,1,8
9,18,15
9,18,5
9,1,9
9,19,15
9,19,5
9,19,6
9,19,8
9,19,9
9,20,10
9,20,11
9,20,12
9,20,13
9,20,14
9,20,7
9,2,13
9,2,6
9,2,7
9,3,14
9,3,15
9,3,17
9,3,4
9,3,5
9,4,16
9,4,17
9,4,4
9,5,18
9,5,2
9,5,3
9,6,19
9,6,3
9,7,2
9,7,20
9,8,20
9,9,1
9,9,19
