1
32
57
118
154
187
217
255
280
301
337
364
406
433
458
491
519
545
586
615
637
664
710
741
771
812
836
863
884
911
946
981
1014
1041
1068
1102
1122
1142
1194
1226
1252
1278
1320
1356
1381
1411
1438
1465
1502
1530
1565
1594
1620
1646
1673
1704
1732
1761
1791
1817
1839
1861
1886
1920
1949
1975
2010
2043
2078
2101
2143
2174
2201
2230
2255
2278
2303
2331
2370
2397
2423
2463
2496
2528
2559
2580
2604
2641
2669
2698
2720
2745
2774
2803
2830
2872
2899
2927
2956
2980
3007
3032
3052
3104
3124
3159
3199
3229
3256
3280
3306
3333
3357
3392
3418
3451
3476
3510
3539
3572
3598
3626
3653
3680
3707
3734
3763
3792
3825
3850
3881
3911
3945
3973
4002
4032
4059
4084
4119
4153
4181
4207
4249
4272
4299
4327
4357
4391
4426
4457
4495
4526
4558
4586
4613
4641
4668
4695
4729
4756
4784
4824
4847
4877
4910
4948
4974
5015
5041
5068
5105
5132
5160
5193
5220
5251
5274
5295
5321
5349
5378
5415
5440
5468
5494
5518
5543
5569
5602
5626
5654
5686
5716
5739
5767
5804
5830
5853
5897
5921
5949
5992
6012
6038
6065
6094
6130
6166
6197
6223
6245
6303
6333
6356
6395
6421
6470
6504
6526
6554
6598
6636
6658
6681
6722
6747
6781
6810
6839
6875
6903
6930
6958
6979
7007
7036
7056
7080
7111
7138
7164
7194
7222
7248
7288
7323
7353
7381
7405
7433
7468
7497
7521
7547
7575
7603
7629
7654
7682
7705
7728
7758
7788
7816
7851
7902
7931
7958
7985
8015
8041
8065
8091
8119
8147
8172
8198
8220
8246
8270
8312
8339
8369
8403
8426
8451
8478
8506
8536
8580
8606
8634
8656
8683
8708
8736
8761
8785
8816
8850
8881
8902
8925
8960
8988
9022
9045
9083
9112
9137
9166
9193
9217
9254
9276
9300
9328
9361
9386
9412
9445
9472
9556
9586
9614
9642
9674
9705
9735
9763
9791
9821
9861
9888
9915
9954
9980
10003
10033
10074
10
32
53
79
106
134
158
182
210
233
257
283
311
345
375
395
423
453
479
516
545
580
602
639
668
699
723
750
777
814
839
867
910
946
981
1014
1041
1068
1102
1122
1142
1194
1226
1252
1278
1320
1356
1381
1411
1438
1465
1502
1530
1565
1594
1620
1646
1673
1704
1732
1761
1791
1817
1839
1861
1886
1920
1949
1975
2010
2043
2078
2101
2143
2174
2201
2230
2255
2278
2303
2331
2370
2397
2423
2463
2496
2528
2559
2580
2604
2641
2669
2698
2720
2745
2774
2803
2830
2872
2899
2927
2956
2980
3007
3032
3052
3104
3124
3159
3199
3229
3256
3280
3306
3333
3357
3392
3418
3451
3476
3510
3539
3572
3598
3626
3653
3680
3707
3734
3763
3792
3825
3850
3881
3911
3945
3973
4002
4032
4059
4084
4119
4153
4181
4207
4249
4272
4299
4327
4357
4391
4426
4457
4495
4526
4558
4586
4613
4641
4668
4695
4729
4756
4784
4824
4847
4877
4910
4948
4974
5015
5041
5068
5105
5132
5160
5193
5220
5251
5274
5295
5321
5349
5378
5415
5440
5468
5494
5518
5543
5569
5602
5626
5654
5686
5716
5739
5767
5804
5830
5853
5897
5921
5949
5992
6012
6038
6065
6094
6130
6166
6197
6223
6245
6303
6333
6356
6395
6421
6470
6504
6526
6554
6598
6636
6658
6681
6722
6747
6781
6810
6839
6875
6903
6930
6958
6979
7007
7036
7056
7080
7111
7138
7164
7194
7222
7248
7288
7323
7353
7381
7405
7433
7468
7497
7521
7547
7575
7603
7629
7654
7682
7705
7728
7758
7788
7816
7851
7902
7931
7958
7985
8015
8041
8065
8091
8119
8147
8172
8198
8220
8246
8270
8312
8339
8369
8403
8426
8451
8478
8506
8536
8580
8606
8634
8656
8683
8708
8736
8761
8785
8816
8850
8881
8902
8925
8960
8988
9022
9045
9083
9112
9137
9166
9193
9217
9254
9276
9300
9328
9361
9386
9412
9445
9472
9556
9586
9614
9642
9674
9705
9735
9763
9791
9821
9861
9888
9915
9954
9980
10003
10033
10074
10
32
53
79
106
134
158
182
210
233
257
283
311
345
375
395
423
453
479
516
545
580
602
639
668
699
723
750
777
814
839
867
910
946
981
1014
1041
1068
1102
1122
1142
1194
1226
1252
1278
1320
1356
1381
1411
1438
1465
1502
1530
1565
1594
1620
1646
1673
1704
1732
1761
1791
1817
1839
1861
1886
1920
1949
1975
2010
2043
2078
2101
2143
2174
2201
2230
2255
2278
2303
2331
2370
2397
2423
2463
2496
2528
2559
2580
2604
2641
2669
2698
2720
2745
2774
2803
2830
2872
2899
2927
2956
2980
3007
3032
3052
3104
3124
3159
3199
3229
3256
3280
3306
3333
3357
3392
3418
3451
3476
3510
3539
3572
3598
3626
3653
3680
3707
3734
3763
3792
3825
3850
3881
3911
3945
3973
4002
4032
4059
4084
4119
4153
4181
4207
4249
4272
4299
4327
4357
4391
4426
4457
4495
4526
4558
4586
4613
4641
4668
4695
4729
4756
4784
4824
4847
4877
4910
4948
4974
5015
5041
5068
5105
5132
5160
5193
5220
5251
5274
5295
5321
5349
5378
5415
5440
5468
5494
5518
5543
5569
5602
5626
5654
5686
5716
5739
5767
5804
5830
5853
5897
5921
5949
5992
6012
6038
6065
6094
6130
6166
6197
6223
6245
6303
6333
6356
6395
6421
6470
6504
6526
6554
6598
6636
6658
6681
6722
6747
6781
6810
6839
6875
6903
6930
6958
6979
7007
7036
7056
7080
7111
7138
7164
7194
7222
7248
7288
7323
7353
7381
7405
7433
7468
7497
7521
7547
7575
7603
7629
7654
7682
7705
7728
7758
7788
7816
7851
7902
7931
7958
7985
8015
8041
8065
8091
8119
8147
8172
8198
8220
8246
8270
8312
8339
8369
8403
8426
8451
8478
8506
8536
8580
8606
8634
8656
8683
8708
8736
8761
8785
8816
8850
8881
8902
8925
8960
8988
9022
9045
9083
9112
9137
9166
9193
9217
9254
9276
9300
9328
9361
9386
9412
9445
9472
9556
9586
9614
9642
9674
9705
9735
9763
9791
9821
9861
9888
9915
9954
9980
10003
10033
10074
10
32
53
79
106
134
158
182
210
233
257
283
311
345
375
395
423
453
479
516
545
580
602
639
668
699
723
750
777
814
839
867
910
946
981
1014
1041
1068
1102
1122
1142
1194
1226
1252
1278
1320
1356
1381
1411
1438
1465
1502
1530
1565
1594
1620
1646
1673
1704
1732
1761
1791
1817
1839
1861
1886
1920
1949
1975
2010
2043
2078
2101
2143
2174
2201
2230
2255
2278
2303
2331
2370
2397
2423
2463
2496
2528
2559
2580
2604
2641
2669
2698
2720
2745
2774
2803
2830
2872
2899
2927
2956
2980
3007
3032
3052
3104
3124
3159
3199
3229
3256
3280
3306
3333
3357
3392
3418
3451
3476
3510
3539
3572
3598
3626
3653
3680
3707
3734
3763
