5
38
61
122
160
193
225
259
284
305
341
369
410
437
466
495
523
549
590
619
641
668
716
745
775
816
840
867
888
915
954
985
1018
1045
1076
1106
1126
1154
1198
1230
1256
1282
1324
1360
1389
1417
1442
1473
1506
1538
1571
1598
1624
1650
1679
1708
1736
1765
1795
1821
1843
1865
1890
1924
1953
1979
2020
2047
2082
2111
2149
2178
2205
2234
2259
2282
2307
2335
2374
2401
2427
2467
2504
2534
2563
2584
2608
2645
2673
2702
2724
2749
2778
2807
2840
2876
2903
2931
2960
2984
3011
3036
3064
3108
3128
3163
3203
3233
3260
3284
3312
3337
3361
3396
3426
3455
3484
3514
3547
3576
3602
3630
3657
3684
3711
3739
3767
3796
3829
3854
3885
3917
3949
3981
4006
4036
4065
4088
4127
4157
4185
4215
4253
4276
4303
4331
4365
4395
4430
4461
4499
4530
4562
4590
4617
4645
4672
4699
4733
4760
4788
4828
4851
4881
4914
4952
4978
5019
5048
5072
5109
5136
5164
5197
5224
5255
5278
5299
5325
5353
5382
5421
5444
5472
5498
5524
5547
5575
5606
5630
5658
5690
5720
5743
5776
5808
5834
5863
5902
5925
5953
5996
6016
6042
6069
6098
6134
6170
6201
6227
6249
6308
6337
6366
6399
6425
6478
6508
6530
6558
6602
6640
6662
6691
6726
6755
6785
6816
6843
6881
6907
6934
6962
6983
7011
7040
7060
7084
7116
7142
7168
7198
7226
7252
7296
7330
7357
7386
7409
7437
7472
7504
7525
7551
7579
7607
7633
7658
7686
7709
7732
7762
7798
7820
7855
7906
7935
7962
7991
8019
8045
8069
8095
8123
8151
8176
8202
8224
8250
8274
8316
8343
8373
8407
8430
8455
8482
8510
8540
8584
8610
8638
8660
8687
8712
8742
8765
8789
8820
8854
8885
8906
8929
8964
8992
9026
9049
9087
9116
9141
9170
9198
9227
9258
9280
9304
9332
9365
9390
9420
9449
9477
9560
9590
9618
9649
9680
9709
9739
9767
9795
9825
9865
9892
9923
9958
9984
10007
10043
10080
14
36
57
83
110
139
162
186
215
237
263
287
315
349
379
399
428
457
483
520
549
584
606
643
672
703
727
758
781
818
846
879
915
954
985
1018
1045
1076
1106
1126
1154
1198
1230
1256
1282
1324
1360
1389
1417
1442
1473
1506
1538
1571
1598
1624
1650
1679
1708
1736
1765
1795
1821
1843
1865
1890
1924
1953
1979
2020
2047
2082
2111
2149
2178
2205
2234
2259
2282
2307
2335
2374
2401
2427
2467
2504
2534
2563
2584
2608
2645
2673
2702
2724
2749
2778
2807
2840
2876
2903
2931
2960
2984
3011
3036
3064
3108
3128
3163
3203
3233
3260
3284
3312
3337
3361
3396
3426
3455
3484
3514
3547
3576
3602
3630
3657
3684
3711
3739
3767
3796
3829
3854
3885
3917
3949
3981
4006
4036
4065
4088
4127
4157
4185
4215
4253
4276
4303
4331
4365
4395
4430
4461
4499
4530
4562
4590
4617
4645
4672
4699
4733
4760
4788
4828
4851
4881
4914
4952
4978
5019
5048
5072
5109
5136
5164
5197
5224
5255
5278
5299
5325
5353
5382
5421
5444
5472
5498
5524
5547
5575
5606
5630
5658
5690
5720
5743
5776
5808
5834
5863
5902
5925
5953
5996
6016
6042
6069
6098
6134
6170
6201
6227
6249
6308
6337
6366
6399
6425
6478
6508
6530
6558
6602
6640
6662
6691
6726
6755
6785
6816
6843
6881
6907
6934
6962
6983
7011
7040
7060
7084
7116
7142
7168
7198
7226
7252
7296
7330
7357
7386
7409
7437
7472
7504
7525
7551
7579
7607
7633
7658
7686
7709
7732
7762
7798
7820
7855
7906
7935
7962
7991
8019
8045
8069
8095
8123
8151
8176
8202
8224
8250
8274
8316
8343
8373
8407
8430
8455
8482
8510
8540
8584
8610
8638
8660
8687
8712
8742
8765
8789
8820
8854
8885
8906
8929
8964
8992
9026
9049
9087
9116
9141
9170
9198
9227
9258
9280
9304
9332
9365
9390
9420
9449
9477
9560
9590
9618
9649
9680
9709
9739
9767
9795
9825
9865
9892
9923
9958
9984
10007
10043
10080
14
36
57
83
110
139
162
186
215
237
263
287
315
349
379
399
428
457
483
520
549
584
606
643
672
703
727
758
781
818
846
879
915
954
985
1018
1045
1076
1106
1126
1154
1198
1230
1256
1282
1324
1360
1389
1417
1442
1473
1506
1538
1571
1598
1624
1650
1679
1708
1736
1765
1795
1821
1843
1865
1890
1924
1953
1979
2020
2047
2082
2111
2149
2178
2205
2234
2259
2282
2307
2335
2374
2401
2427
2467
2504
2534
2563
2584
2608
2645
2673
2702
2724
2749
2778
2807
2840
2876
2903
2931
2960
2984
3011
3036
3064
3108
3128
3163
3203
3233
3260
3284
3312
3337
3361
3396
3426
3455
3484
3514
3547
3576
3602
3630
3657
3684
3711
3739
3767
3796
3829
3854
3885
3917
3949
3981
4006
4036
4065
4088
4127
4157
4185
4215
4253
4276
4303
4331
4365
4395
4430
4461
4499
4530
4562
4590
4617
4645
4672
4699
4733
4760
4788
4828
4851
4881
4914
4952
4978
5019
5048
5072
5109
5136
5164
5197
5224
5255
5278
5299
5325
5353
5382
5421
5444
5472
5498
5524
5547
5575
5606
5630
5658
5690
5720
5743
5776
5808
5834
5863
5902
5925
5953
5996
6016
6042
6069
6098
6134
6170
6201
6227
6249
6308
6337
6366
6399
6425
6478
6508
6530
6558
6602
6640
6662
6691
6726
6755
6785
6816
6843
6881
6907
6934
6962
6983
7011
7040
7060
7084
7116
7142
7168
7198
7226
7252
7296
7330
7357
7386
7409
7437
7472
7504
7525
7551
7579
7607
7633
7658
7686
7709
7732
7762
7798
7820
7855
7906
7935
7962
7991
8019
8045
8069
8095
8123
8151
8176
8202
8224
8250
8274
8316
8343
8373
8407
8430
8455
8482
8510
8540
8584
8610
8638
8660
8687
8712
8742
8765
8789
8820
8854
8885
8906
8929
8964
8992
9026
9049
9087
9116
9141
9170
9198
9227
9258
9280
9304
9332
9365
9390
9420
9449
9477
9560
9590
9618
9649
9680
9709
9739
9767
9795
9825
9865
9892
9923
9958
9984
10007
10043
10080
14
36
57
83
110
139
162
186
215
237
263
287
315
349
379
399
428
457
483
520
549
584
606
643
672
703
727
758
781
818
846
879
915
954
985
1018
1045
1076
1106
1126
1154
1198
1230
1256
1282
1324
1360
1389
1417
1442
1473
1506
1538
1571
1598
1624
1650
1679
1708
1736
1765
1795
1821
1843
1865
1890
1924
1953
1979
2020
2047
2082
2111
2149
2178
2205
2234
2259
2282
2307
2335
2374
2401
2427
2467
2504
2534
2563
2584
2608
2645
2673
2702
2724
2749
2778
2807
2840
2876
2903
2931
2960
2984
3011
3036
3064
3108
3128
3163
3203
3233
3260
3284
3312
3337
3361
3396
3426
3455
3484
3514
3547
3576
3602
3630
3657
3684
3711
3739
3767
