9
43
65
126
165
198
230
263
288
309
346
373
414
441
473
500
527
553
594
623
645
672
721
749
779
821
844
872
892
919
961
989
1023
1049
1081
1110
1130
1158
1203
1234
1260
1286
1328
1364
1394
1421
1446
1478
1510
1545
1576
1603
1628
1654
1684
1712
1741
1769
1799
1825
1847
1870
1894
1929
1957
1983
2025
2056
2086
2120
2154
2182
2209
2238
2263
2287
2317
2339
2378
2406
2431
2471
2509
2539
2568
2589
2613
2650
2677
2706
2728
2759
2783
2811
2849
2880
2908
2935
2964
2988
3015
3040
3075
3112
3132
3177
3208
3238
3265
3289
3317
3342
3365
3400
3433
3459
3489
3519
3554
3581
3606
3634
3661
3689
3716
3743
3771
3800
3834
3858
3890
3922
3954
3988
4011
4040
4070
4098
4134
4162
4189
4220
4258
4281
4308
4335
4370
4399
4434
4466
4506
4534
4567
4594
4621
4650
4677
4703
4738
4764
4792
4832
4855
4885
4918
4957
4982
5024
5054
5076
5114
5141
5168
5201
5228
5259
5282
5303
5330
5357
5386
5426
5448
5477
5502
5529
5551
5579
5610
5635
5662
5694
5724
5747
5784
5812
5838
5867
5906
5929
5957
6000
6020
6046
6074
6102
6138
6174
6205
6231
6253
6312
6341
6371
6403
6429
6483
6512
6535
6562
6606
6644
6667
6695
6731
6762
6790
6821
6847
6886
6914
6938
6967
6988
7015
7044
7064
7089
7121
7147
7176
7202
7230
7256
7300
7336
7362
7390
7413
7441
7482
7509
7531
7555
7584
7614
7638
7663
7690
7713
7736
7767
7802
7824
7859
7911
7939
7966
7996
8023
8049
8073
8100
8127
8156
8180
8206
8228
8255
8278
8320
8347
8377
8412
8434
8460
8486
8514
8544
8588
8614
8642
8669
8691
8716
8747
8769
8793
8824
8858
8889
8911
8933
8968
8996
9031
9053
9092
9121
9152
9174
9202
9236
9262
9284
9309
9336
9370
9394
9425
9453
9481
9565
9595
9622
9653
9685
9713
9749
9772
9799
9830
9869
9897
9930
9962
9988
10011
10048
10085
18
41
61
87
115
143
166
191
219
241
267
291
319
353
383
404
432
461
488
524
553
588
610
649
676
707
731
765
785
823
850
890
919
961
989
1023
1049
1081
1110
1130
1158
1203
1234
1260
1286
1328
1364
1394
1421
1446
1478
1510
1545
1576
1603
1628
1654
1684
1712
1741
1769
1799
1825
1847
1870
1894
1929
1957
1983
2025
2056
2086
2120
2154
2182
2209
2238
2263
2287
2317
2339
2378
2406
2431
2471
2509
2539
2568
2589
2613
2650
2677
2706
2728
2759
2783
2811
2849
2880
2908
2935
2964
2988
3015
3040
3075
3112
3132
3177
3208
3238
3265
3289
3317
3342
3365
3400
3433
3459
3489
3519
3554
3581
3606
3634
3661
3689
3716
3743
3771
3800
3834
3858
3890
3922
3954
3988
4011
4040
4070
4098
4134
4162
4189
4220
4258
4281
4308
4335
4370
4399
4434
4466
4506
4534
4567
4594
4621
4650
4677
4703
4738
4764
4792
4832
4855
4885
4918
4957
4982
5024
5054
5076
5114
5141
5168
5201
5228
5259
5282
5303
5330
5357
5386
5426
5448
5477
5502
5529
5551
5579
5610
5635
5662
5694
5724
5747
5784
5812
5838
5867
5906
5929
5957
6000
6020
6046
6074
6102
6138
6174
6205
6231
6253
6312
6341
6371
6403
6429
6483
6512
6535
6562
6606
6644
6667
6695
6731
6762
6790
6821
6847
6886
6914
6938
6967
6988
7015
7044
7064
7089
7121
7147
7176
7202
7230
7256
7300
7336
7362
7390
7413
7441
7482
7509
7531
7555
7584
7614
7638
7663
7690
7713
7736
7767
7802
7824
7859
7911
7939
7966
7996
8023
8049
8073
8100
8127
8156
8180
8206
8228
8255
8278
8320
8347
8377
8412
8434
8460
8486
8514
8544
8588
8614
8642
8669
8691
8716
8747
8769
8793
8824
8858
8889
8911
8933
8968
8996
9031
9053
9092
9121
9152
9174
9202
9236
9262
9284
9309
9336
9370
9394
9425
9453
9481
9565
9595
9622
9653
9685
9713
9749
9772
9799
9830
9869
9897
9930
9962
9988
10011
10048
10085
18
41
61
87
115
143
166
191
219
241
267
291
319
353
383
404
432
461
488
524
553
588
610
649
676
707
731
765
785
823
850
890
919
961
989
1023
1049
1081
1110
1130
1158
1203
1234
1260
1286
1328
1364
1394
1421
1446
1478
1510
1545
1576
1603
1628
1654
1684
1712
1741
1769
1799
1825
1847
1870
1894
1929
1957
1983
2025
2056
2086
2120
2154
2182
2209
2238
2263
2287
2317
2339
2378
2406
2431
2471
2509
2539
2568
2589
2613
2650
2677
2706
2728
2759
2783
2811
2849
2880
2908
2935
2964
2988
3015
3040
3075
3112
3132
3177
3208
3238
3265
3289
3317
3342
3365
3400
3433
3459
3489
3519
3554
3581
3606
3634
3661
3689
3716
3743
3771
3800
3834
3858
3890
3922
3954
3988
4011
4040
4070
4098
4134
4162
4189
4220
4258
4281
4308
4335
4370
4399
4434
4466
4506
4534
4567
4594
4621
4650
4677
4703
4738
4764
4792
4832
4855
4885
4918
4957
4982
5024
5054
5076
5114
5141
5168
5201
5228
5259
5282
5303
5330
5357
5386
5426
5448
5477
5502
5529
5551
5579
5610
5635
5662
5694
5724
5747
5784
5812
5838
5867
5906
5929
5957
6000
6020
6046
6074
6102
6138
6174
6205
6231
6253
6312
6341
6371
6403
6429
6483
6512
6535
6562
6606
6644
6667
6695
6731
6762
6790
6821
6847
6886
6914
6938
6967
6988
7015
7044
7064
7089
7121
7147
7176
7202
7230
7256
7300
7336
7362
7390
7413
7441
7482
7509
7531
7555
7584
7614
7638
7663
7690
7713
7736
7767
7802
7824
7859
7911
7939
7966
7996
8023
8049
8073
8100
8127
8156
8180
8206
8228
8255
8278
8320
8347
8377
8412
8434
8460
8486
8514
8544
8588
8614
8642
8669
8691
8716
8747
8769
8793
8824
8858
8889
8911
8933
8968
8996
9031
9053
9092
9121
9152
9174
9202
9236
9262
9284
9309
9336
9370
9394
9425
9453
9481
9565
9595
9622
9653
9685
9713
9749
9772
9799
9830
9869
9897
9930
9962
9988
10011
10048
10085
18
41
61
87
115
143
166
191
219
241
267
291
319
353
383
404
432
461
488
524
553
588
610
649
676
707
731
765
785
823
850
890
919
961
989
1023
1049
1081
1110
1130
1158
1203
1234
1260
1286
1328
1364
1394
1421
1446
1478
1510
1545
1576
1603
1628
1654
1684
1712
1741
1769
1799
1825
1847
1870
1894
1929
1957
1983
2025
2056
2086
2120
2154
2182
2209
2238
2263
2287
2317
2339
2378
2406
2431
2471
2509
2539
2568
2589
2613
2650
2677
2706
2728
2759
2783
2811
2849
2880
2908
2935
2964
2988
3015
3040
3075
3112
3132
3177
3208
3238
3265
3289
3317
3342
3365
3400
3433
3459
3489
3519
3554
3581
3606
3634
3661
3689
3716
3743
3771
