13
47
70
130
169
203
234
268
293
313
350
377
419
448
477
506
531
557
601
627
652
677
726
753
783
827
849
876
897
924
965
993
1027
1054
1090
1114
1134
1172
1207
1238
1264
1290
1332
1371
1399
1429
1451
1482
1517
1549
1580
1608
1632
1661
1688
1716
1747
1774
1803
1829
1851
1876
1898
1934
1961
1987
2029
2060
2091
2124
2158
2189
2216
2243
2268
2291
2321
2343
2383
2411
2435
2476
2514
2543
2572
2594
2619
2654
2682
2710
2735
2763
2789
2816
2853
2885
2914
2939
2969
2995
3022
3044
3079
3116
3136
3181
3212
3244
3270
3294
3322
3347
3370
3404
3437
3464
3493
3523
3558
3585
3610
3639
3666
3693
3722
3750
3778
3804
3838
3862
3895
3927
3959
3992
4015
4045
4074
4105
4138
4167
4193
4225
4264
4287
4314
4340
4379
4403
4438
4471
4510
4539
4572
4599
4625
4656
4683
4707
4742
4768
4799
4837
4859
4892
4922
4962
4989
5030
5058
5080
5118
5146
5175
5208
5233
5266
5287
5308
5336
5364
5390
5430
5453
5481
5506
5533
5555
5587
5615
5641
5666
5698
5729
5752
5789
5816
5843
5879
5911
5933
5961
6004
6024
6053
6078
6106
6142
6181
6209
6235
6265
6319
6346
6382
6407
6433
6487
6516
6540
6566
6610
6648
6671
6699
6737
6767
6794
6826
6851
6891
6918
6943
6971
6992
7022
7048
7071
7093
7125
7151
7180
7206
7234
7260
7310
7341
7367
7395
7418
7445
7486
7513
7536
7560
7588
7618
7644
7667
7695
7718
7740
7771
7806
7828
7864
7917
7946
7973
8003
8027
8053
8077
8104
8132
8162
8184
8210
8232
8260
8282
8325
8352
8382
8416
8441
8464
8490
8518
8549
8593
8618
8646
8673
8696
8721
8751
8773
8797
8829
8862
8894
8917
8937
8975
9000
9037
9058
9098
9127
9156
9181
9209
9240
9266
9288
9315
9340
9374
9398
9430
9458
9485
9569
9600
9629
9662
9689
9717
9753
9778
9803
9834
9874
9901
9934
9966
9993
10015
10052
10089
22
45
65
92
121
148
170
195
223
245
272
296
324
358
387
410
439
465
494
533
557
592
614
654
680
714
736
769
789
828
859
898
924
965
993
1027
1054
1090
1114
1134
1172
1207
1238
1264
1290
1332
1371
1399
1429
1451
1482
1517
1549
1580
1608
1632
1661
1688
1716
1747
1774
1803
1829
1851
1876
1898
1934
1961
1987
2029
2060
2091
2124
2158
2189
2216
2243
2268
2291
2321
2343
2383
2411
2435
2476
2514
2543
2572
2594
2619
2654
2682
2710
2735
2763
2789
2816
2853
2885
2914
2939
2969
2995
3022
3044
3079
3116
3136
3181
3212
3244
3270
3294
3322
3347
3370
3404
3437
3464
3493
3523
3558
3585
3610
3639
3666
3693
3722
3750
3778
3804
3838
3862
3895
3927
3959
3992
4015
4045
4074
4105
4138
4167
4193
4225
4264
4287
4314
4340
4379
4403
4438
4471
4510
4539
4572
4599
4625
4656
4683
4707
4742
4768
4799
4837
4859
4892
4922
4962
4989
5030
5058
5080
5118
5146
5175
5208
5233
5266
5287
5308
5336
5364
5390
5430
5453
5481
5506
5533
5555
5587
5615
5641
5666
5698
5729
5752
5789
5816
5843
5879
5911
5933
5961
6004
6024
6053
6078
6106
6142
6181
6209
6235
6265
6319
6346
6382
6407
6433
6487
6516
6540
6566
6610
6648
6671
6699
6737
6767
6794
6826
6851
6891
6918
6943
6971
6992
7022
7048
7071
7093
7125
7151
7180
7206
7234
7260
7310
7341
7367
7395
7418
7445
7486
7513
7536
7560
7588
7618
7644
7667
7695
7718
7740
7771
7806
7828
7864
7917
7946
7973
8003
8027
8053
8077
8104
8132
8162
8184
8210
8232
8260
8282
8325
8352
8382
8416
8441
8464
8490
8518
8549
8593
8618
8646
8673
8696
8721
8751
8773
8797
8829
8862
8894
8917
8937
8975
9000
9037
9058
9098
9127
9156
9181
9209
9240
9266
9288
9315
9340
9374
9398
9430
9458
9485
9569
9600
9629
9662
9689
9717
9753
9778
9803
9834
9874
9901
9934
9966
9993
10015
10052
10089
22
45
65
92
121
148
170
195
223
245
272
296
324
358
387
410
439
465
494
533
557
592
614
654
680
714
736
769
789
828
859
898
924
965
993
1027
1054
1090
1114
1134
1172
1207
1238
1264
1290
1332
1371
1399
1429
1451
1482
1517
1549
1580
1608
1632
1661
1688
1716
1747
1774
1803
1829
1851
1876
1898
1934
1961
1987
2029
2060
2091
2124
2158
2189
2216
2243
2268
2291
2321
2343
2383
2411
2435
2476
2514
2543
2572
2594
2619
2654
2682
2710
2735
2763
2789
2816
2853
2885
2914
2939
2969
2995
3022
3044
3079
3116
3136
3181
3212
3244
3270
3294
3322
3347
3370
3404
3437
3464
3493
3523
3558
3585
3610
3639
3666
3693
3722
3750
3778
3804
3838
3862
3895
3927
3959
3992
4015
4045
4074
4105
4138
4167
4193
4225
4264
4287
4314
4340
4379
4403
4438
4471
4510
4539
4572
4599
4625
4656
4683
4707
4742
4768
4799
4837
4859
4892
4922
4962
4989
5030
5058
5080
5118
5146
5175
5208
5233
5266
5287
5308
5336
5364
5390
5430
5453
5481
5506
5533
5555
5587
5615
5641
5666
5698
5729
5752
5789
5816
5843
5879
5911
5933
5961
6004
6024
6053
6078
6106
6142
6181
6209
6235
6265
6319
6346
6382
6407
6433
6487
6516
6540
6566
6610
6648
6671
6699
6737
6767
6794
6826
6851
6891
6918
6943
6971
6992
7022
7048
7071
7093
7125
7151
7180
7206
7234
7260
7310
7341
7367
7395
7418
7445
7486
7513
7536
7560
7588
7618
7644
7667
7695
7718
7740
7771
7806
7828
7864
7917
7946
7973
8003
8027
8053
8077
8104
8132
8162
8184
8210
8232
8260
8282
8325
8352
8382
8416
8441
8464
8490
8518
8549
8593
8618
8646
8673
8696
8721
8751
8773
8797
8829
8862
8894
8917
8937
8975
9000
9037
9058
9098
9127
9156
9181
9209
9240
9266
9288
9315
9340
9374
9398
9430
9458
9485
9569
9600
9629
9662
9689
9717
9753
9778
9803
9834
9874
9901
9934
9966
9993
10015
10052
10089
22
45
65
92
121
148
170
195
223
245
272
296
324
358
387
410
439
465
494
533
557
592
614
654
680
714
736
769
789
828
859
898
924
965
993
1027
1054
1090
1114
1134
1172
1207
1238
1264
1290
1332
1371
1399
1429
1451
1482
1517
1549
1580
1608
1632
1661
1688
1716
1747
1774
1803
1829
1851
1876
1898
1934
1961
1987
2029
2060
2091
2124
2158
2189
2216
2243
2268
2291
2321
2343
2383
2411
2435
2476
2514
2543
2572
2594
2619
2654
2682
2710
2735
2763
2789
2816
2853
2885
2914
2939
2969
2995
3022
3044
3079
3116
3136
3181
3212
3244
3270
3294
3322
3347
3370
3404
3437
3464
3493
3523
3558
3585
3610
3639
3666
3693
3722
3750
3778
