19
53
96
144
175
207
249
274
297
333
359
398
428
454
481
512
535
580
606
633
656
701
737
757
802
832
853
880
903
942
975
1008
1036
1058
1098
1118
1138
1185
1220
1248
1274
1305
1352
1377
1407
1434
1455
1488
1521
1559
1584
1614
1638
1665
1698
1726
1752
1780
1813
1835
1857
1882
1914
1940
1971
1993
2033
2066
2097
2136
2168
2193
2220
2250
2274
2297
2327
2364
2387
2419
2457
2492
2520
2553
2576
2600
2635
2663
2692
2716
2741
2770
2795
2820
2859
2889
2921
2950
2976
3001
3028
3048
3093
3120
3155
3193
3218
3250
3276
3302
3329
3353
3386
3408
3441
3470
3499
3529
3566
3594
3616
3645
3670
3699
3727
3756
3784
3810
3844
3868
3901
3939
3963
3998
4023
4051
4080
4109
4149
4173
4197
4243
4268
4293
4320
4346
4385
4420
4444
4487
4516
4554
4578
4603
4635
4661
4688
4723
4750
4778
4819
4843
4863
4906
4937
4970
5009
5037
5064
5099
5127
5150
5187
5214
5240
5270
5291
5317
5342
5368
5405
5436
5459
5490
5514
5539
5561
5594
5622
5647
5682
5702
5735
5756
5800
5820
5849
5890
5917
5943
5988
6008
6028
6059
6084
6124
6162
6193
6213
6241
6294
6326
6352
6386
6411
6466
6491
6522
6544
6583
6630
6654
6677
6705
6743
6773
6800
6835
6861
6898
6925
6952
6975
7001
7028
7052
7076
7102
7134
7160
7184
7216
7240
7282
7319
7348
7374
7401
7422
7462
7493
7517
7543
7569
7597
7625
7650
7676
7701
7724
7748
7775
7812
7845
7896
7923
7950
7977
8009
8037
8059
8085
8113
8138
8168
8190
8216
8236
8266
8306
8331
8358
8397
8422
8447
8468
8500
8524
8574
8602
8628
8652
8679
8702
8727
8757
8779
8805
8844
8868
8898
8921
8956
8979
9004
9041
9064
9104
9133
9162
9186
9213
9250
9272
9294
9321
9355
9380
9402
9434
9465
9550
9575
9607
9633
9670
9699
9723
9759
9784
9807
9857
9880
9905
9950
9970
9999
10021
10058
6
28
49
69
101
127
154
176
204
229
253
279
302
330
364
391
416
446
471
510
540
574
598
633
661
695
719
740
773
810
835
863
905
942
975
1008
1036
1058
1098
1118
1138
1185
1220
1248
1274
1305
1352
1377
1407
1434
1455
1488
1521
1559
1584
1614
1638
1665
1698
1726
1752
1780
1813
1835
1857
1882
1914
1940
1971
1993
2033
2066
2097
2136
2168
2193
2220
2250
2274
2297
2327
2364
2387
2419
2457
2492
2520
2553
2576
2600
2635
2663
2692
2716
2741
2770
2795
2820
2859
2889
2921
2950
2976
3001
3028
3048
3093
3120
3155
3193
3218
3250
3276
3302
3329
3353
3386
3408
3441
3470
3499
3529
3566
3594
3616
3645
3670
3699
3727
3756
3784
3810
3844
3868
3901
3939
3963
3998
4023
4051
4080
4109
4149
4173
4197
4243
4268
4293
4320
4346
4385
4420
4444
4487
4516
4554
4578
4603
4635
4661
4688
4723
4750
4778
4819
4843
4863
4906
4937
4970
5009
5037
5064
5099
5127
5150
5187
5214
5240
5270
5291
5317
5342
5368
5405
5436
5459
5490
5514
5539
5561
5594
5622
5647
5682
5702
5735
5756
5800
5820
5849
5890
5917
5943
5988
6008
6028
6059
6084
6124
6162
6193
6213
6241
6294
6326
6352
6386
6411
6466
6491
6522
6544
6583
6630
6654
6677
6705
6743
6773
6800
6835
6861
6898
6925
6952
6975
7001
7028
7052
7076
7102
7134
7160
7184
7216
7240
7282
7319
7348
7374
7401
7422
7462
7493
7517
7543
7569
7597
7625
7650
7676
7701
7724
7748
7775
7812
7845
7896
7923
7950
7977
8009
8037
8059
8085
8113
8138
8168
8190
8216
8236
8266
8306
8331
8358
8397
8422
8447
8468
8500
8524
8574
8602
8628
8652
8679
8702
8727
8757
8779
8805
8844
8868
8898
8921
8956
8979
9004
9041
9064
9104
9133
9162
9186
9213
9250
9272
9294
9321
9355
9380
9402
9434
9465
9550
9575
9607
9633
9670
9699
9723
9759
9784
9807
9857
9880
9905
9950
9970
9999
10021
10058
6
28
49
69
101
127
154
176
204
229
253
279
302
330
364
391
416
446
471
510
540
574
598
633
661
695
719
740
773
810
835
863
905
942
975
1008
1036
1058
1098
1118
1138
1185
1220
1248
1274
1305
1352
1377
1407
1434
1455
1488
1521
1559
1584
1614
1638
1665
1698
1726
1752
1780
1813
1835
1857
1882
1914
1940
1971
1993
2033
2066
2097
2136
2168
2193
2220
2250
2274
2297
2327
2364
2387
2419
2457
2492
2520
2553
2576
2600
2635
2663
2692
2716
2741
2770
2795
2820
2859
2889
2921
2950
2976
3001
3028
3048
3093
3120
3155
3193
3218
3250
3276
3302
3329
3353
3386
3408
3441
3470
3499
3529
3566
3594
3616
3645
3670
3699
3727
3756
3784
3810
3844
3868
3901
3939
3963
3998
4023
4051
4080
4109
4149
4173
4197
4243
4268
4293
4320
4346
4385
4420
4444
4487
4516
4554
4578
4603
4635
4661
4688
4723
4750
4778
4819
4843
4863
4906
4937
4970
5009
5037
5064
5099
5127
5150
5187
5214
5240
5270
5291
5317
5342
5368
5405
5436
5459
5490
5514
5539
5561
5594
5622
5647
5682
5702
5735
5756
5800
5820
5849
5890
5917
5943
5988
6008
6028
6059
6084
6124
6162
6193
6213
6241
6294
6326
6352
6386
6411
6466
6491
6522
6544
6583
6630
6654
6677
6705
6743
6773
6800
6835
6861
6898
6925
6952
6975
7001
7028
7052
7076
7102
7134
7160
7184
7216
7240
7282
7319
7348
7374
7401
7422
7462
7493
7517
7543
7569
7597
7625
7650
7676
7701
7724
7748
7775
7812
7845
7896
7923
7950
7977
8009
8037
8059
8085
8113
8138
8168
8190
8216
8236
8266
8306
8331
8358
8397
8422
8447
8468
8500
8524
8574
8602
8628
8652
8679
8702
8727
8757
8779
8805
8844
8868
8898
8921
8956
8979
9004
9041
9064
9104
9133
9162
9186
9213
9250
9272
9294
9321
9355
9380
9402
9434
9465
9550
9575
9607
9633
9670
9699
9723
9759
9784
9807
9857
9880
9905
9950
9970
9999
10021
10058
6
28
49
69
101
127
154
176
204
229
253
279
302
330
364
391
416
446
471
510
540
574
598
633
661
695
719
740
773
810
835
863
905
942
975
1008
1036
1058
1098
1118
1138
1185
1220
1248
1274
1305
1352
1377
1407
1434
1455
1488
1521
1559
1584
1614
1638
1665
1698
1726
1752
1780
1813
1835
1857
1882
1914
1940
1971
1993
2033
2066
2097
2136
2168
2193
2220
2250
2274
2297
2327
2364
2387
2419
2457
2492
2520
2553
2576
2600
2635
2663
2692
2716
2741
2770
2795
2820
2859
2889
2921
2950
2976
3001
3028
3048
3093
3120
3155
3193
3218
3250
3276
3302
3329
3353
3386
3408
3441
3470
3499
3529
3566
3594
3616
3645
3670
3699
3727
3756
3784
