822
387
934
940
294
354
364
387
958
234
507
455
483
249
836
77
478
695
586
19
959
222
372
1587
147
-26
133
-148
195
649
95
-373
913
362
762
334
714
-44
855
206
1065
414
788
270
105
45
221
544
605
-60
1218
561
186
1372
74
27
318
762
436
641
-40
113
534
159
786
215
496
79
701
81
677
237
384
465
182
858
1319
562
368
619
382
899
651
971
1300
1002
-294
650
228
833
24
401
106
840
551
-227
-205
77
190
583
557
276
205
776
38
567
1402
21
465
3
-76
702
998
791
678
898
644
93
-12
665
491
-156
534
-155
677
80
963
617
-44
-75
22
279
60
215
322
825
693
196
604
870
-345
67
664
41
46
780
313
36
111
774
64
998
421
126
860
645
698
225
626
61
210
325
644
481
963
96
938
844
-52
144
-317
399
961
196
465
1
850
97
383
-89
-285
637
677
953
-6
981
-150
-36
293
724
45
566
-20
392
946
-428
268
40
84
415
28
346
935
121
26
649
1016
85
1067
284
274
72
1017
555
40
2
173
-258
443
487
807
866
537
199
1029
700
340
47
852
-266
385
734
756
220
953
710
724
1019
402
108
966
504
857
373
597
362
66
49
800
116
206
54
632
71
258
360
191
99
570
982
419
507
447
928
786
188
264
799
765
-98
-163
814
18
672
193
311
163
84
551
1573
633
-27
3
309
965
988
925
1269
338
916
1029
899
-34
996
510
116
-14
76
975
623
237
638
212
-40
822
248
388
949
464
417
169
27
860
498
1084
380
391
677
347
383
1325
125
711
-68
123
142
253
676
35
-495
978
554
1205
841
846
-294
-347
349
915
383
596
298
632
44
210
191
27
-34
81
96
175
293
761
576
855
923
307
957
495
899
1002
294
1021
688
854
765
87
952
295
56
42
1044
49
522
942
267
632
192
627
350
1046
713
530
61
893
10
750
408
639
73
875
1116
990
393
472
308
985
1191
149
981
880
257
1468
380
676
668
736
912
718
1460
273
46
464
649
786
987
38
422
922
525
288
961
895
361
275
179
460
222
854
570
1052
159
981
645
978
160
811
741
347
580
736
498
784
708
991
192
611
207
979
1002
712
422
1012
-86
593
389
365
50
228
1078
258
1023
171
727
777
552
10
845
953
933
957
-14
408
600
46
997
568
543
534
213
-80
133
468
970
892
142
839
413
535
-125
572
-90
812
243
137
-354
-198
1015
513
1184
